1.0 
1.0 
1.0 
1.0 
1.0 
1.0 
1.0 
1.0 
1.0 
1.0 
1.0 
1.0 
1.0 
1.0 
1.0 
1.0 
1.0 
1.0 
1.0 
1.0 
1.0 
1.0 
1.0 
1.0 
1.0 
1.0 
1.0 
1.0 
1.0 
1.0 
1.0 
1.0 
1.0 
1.0 
1.0 
1.0 
1.0 
1.0 
1.0 
1.0 
1.0 
1.0 
1.0 
1.0 
1.0 
1.0 
1.0 
1.0 
1.0 
1.0 
1.0 
1.0 
1.0 
1.0 
1.0 
1.0 
1.0 
1.0 
1.0 
1.0 
1.0 
1.0 
1.0 
1.0 
1.0 
1.0 
1.0 
1.0 
1.0 
1.0 
1.0 
1.0 
1.0 
1.0 
1.0 
1.0 
1.0 
1.0 
1.0 
1.0 
1.0 
1.0 
1.0 
1.0 
1.0 
1.0 
1.0 
1.0 
1.0 
1.0 
1.0 
1.0 
1.0 
1.0 
1.0 
1.0 
1.0 
1.0 
1.0 
1.0 
1.0 
1.0 
1.0 
1.0 
1.0 
1.0 
1.0 
1.0 
1.0 
1.0 
1.0 
1.0 
1.0 
1.0 
1.0 
1.0 
1.0 
1.0 
1.0 
1.0 
1.0 
1.0 
1.0 
1.0 
1.0 
1.0 
1.0 
1.0 
1.0 
1.0 
1.0 
1.0 
1.0 
1.0 
1.0 
1.0 
1.0 
1.0 
1.0 
1.0 
1.0 
1.0 
1.0 
1.0 
1.0 
1.0 
1.0 
1.0 
1.0 
1.0 
1.0 
1.0 
1.0 
1.0 
1.0 
1.0 
0.87 0.13 
0.87 0.13 
0.87 0.13 
0.87 0.13 
0.87 0.13 
0.85 0.15 
0.83 0.17 
0.79 0.21 
0.75 0.25 
0.75 0.25 
0.75 0.25 
0.75 0.25 
0.75 0.25 
0.75705 0.24295 
0.87 0.13 
0.87 0.13 
0.87 0.13 
0.87 0.13 
0.87 0.13 
0.85 0.15 
0.83 0.17 
0.79 0.21 
0.75705 0.24295 
0.75 0.25 
0.75 0.25 
0.75 0.25 
0.75 0.25 
0.75 0.25 
0.87 0.13 
0.888889 0.111111 
0.888889 0.111111 
0.888889 0.111111 
0.888889 0.111111 
0.888889 0.111111 
0.888889 0.111111 
0.888889 0.111111 
0.888889 0.111111 
1.0 
1.0 
1.0 
1.0 
1.0 
1.0 
1.0 
1.0 
1.0 
1.0 
1.0 
1.0 
1.0 
1.0 
1.0 
1.0 
1.0 
1.0 
1.0 
1.0 
1.0 
1.0 
1.0 
1.0 
1.0 
0.96 0.04 
0.96 0.04 
0.784748 0.215252 
0.781094 0.218906 
0.435212 0.564788 
0.439397 0.560603 
0.15 0.85 
0.15 0.85 
1.0 
1.0 
1.0 
1.0 
1.0 
1.0 
1.0 
1.0 
1.0 
1.0 
1.0 
1.0 
1.0 
1.0 
1.0 
1.0 
0.15 0.85 
0.15 0.85 
0.464366 0.535634 
0.463361 0.536639 
0.804223 0.195777 
0.805563 0.194437 
0.96 0.04 
0.96 0.04 
1.0 
1.0 
1.0 
1.0 
1.0 
1.0 
1.0 
1.0 
1.0 
0.96 0.04 
0.79818 0.20182 
0.462055 0.537945 
0.15 0.85 
1.0 
1.0 
1.0 
1.0 
1.0 
1.0 
1.0 
1.0 
0.15 0.85 
0.444476 0.555524 
0.781172 0.218828 
0.96 0.04 
1.0 
1.0 
1.0 
1.0 
1.0 
1.0 
1.0 
1.0 
1.0 
1.0 
1.0 
1.0 
1.0 
1.0 
1.0 
1.0 
1.0 
1.0 
1.0 
1.0 
1.0 
1.0 
1.0 
1.0 
1.0 
1.0 
1.0 
0.96 0.04 
0.76856 0.23144 
0.435474 0.564526 
0.15 0.85 
1.0 
1.0 
1.0 
1.0 
1.0 
1.0 
1.0 
1.0 
0.15 0.85 
0.456299 0.543701 
0.782004 0.217996 
0.96 0.04 
1.0 
1.0 
1.0 
1.0 
1.0 
1.0 
1.0 
1.0 
1.0 
1.0 
1.0 
1.0 
1.0 
0.4 0.6 
0.5 0.5 
0.731025 0.268975 
0.731025 0.268975 
0.4 0.6 
0.731025 0.268975 
0.731025 0.268975 
0.357253 0.642747 
0.407253 0.592747 
0.731025 0.268975 
0.731025 0.268975 
0.428688 0.571312 
0.731025 0.268975 
0.45 0.55 
0.443391 0.556609 
0.731025 0.268975 
0.731025 0.268975 
0.5 0.5 
0.731025 0.268975 
0.483177 0.516823 
0.455256 0.544744 
0.731025 0.268975 
0.96 0.04 
0.756716 0.243284 
0.745575 0.254425 
0.96 0.04 
0.96 0.04 
0.744833 0.255167 
0.752263 0.247737 
0.96 0.04 
0.96 0.04 
0.77147 0.22853 
0.430777 0.569223 
0.418026 0.581974 
0.406788 0.593212 
0.411181 0.588819 
0.418961 0.581039 
0.15 0.85 
0.15 0.85 
0.15 0.85 
0.15 0.85 
0.15 0.85 
1.0 
1.0 
1.0 
1.0 
1.0 
1.0 
1.0 
1.0 
1.0 
0.1 0.9 
0.1 0.9 
0.1 0.9 
1.0 
1.0 
0.25 0.75 
0.25 0.75 
0.2 0.8 
0.1805 0.8195 
0.1805 0.8195 
0.13 0.87 
0.13 0.87 
0.13 0.87 
0.138466 0.861534 
0.203627 0.796373 
0.25 0.75 
1.0 
1.0 
1.0 
1.0 
1.0 
1.0 
1.0 
1.0 
0.15 0.85 
0.40125 0.59875 
0.731025 0.268975 
1.0 
1.0 
0.13 0.87 
0.407253 0.592747 
0.731025 0.268975 
0.94 0.06 
0.94 0.06 
0.94 0.06 
0.94 0.06 
0.94 0.06 
0.94 0.06 
0.94 0.06 
0.94 0.06 
0.94 0.06 
0.94 0.06 
0.94 0.06 
0.94 0.06 
0.94 0.06 
1.0 
1.0 
1.0 
1.0 
1.0 
1.0 
1.0 
1.0 
1.0 
1.0 
1.0 
1.0 
1.0 
1.0 
1.0 
1.0 
1.0 
1.0 
1.0 
1.0 
1.0 
1.0 
1.0 
1.0 
1.0 
1.0 
1.0 
1.0 
1.0 
1.0 
1.0 
1.0 
1.0 
1.0 
1.0 
1.0 
1.0 
1.0 
1.0 
1.0 
1.0 
1.0 
1.0 
1.0 
1.0 
1.0 
1.0 
1.0 
1.0 
0.96003 0.03997 
0.960038 0.039962 
0.784605 0.215395 
0.780998 0.219002 
0.43523 0.56477 
0.439397 0.560603 
0.150255 0.849745 
0.150308 0.849692 
1.0 
1.0 
1.0 
1.0 
1.0 
1.0 
1.0 
1.0 
1.0 
1.0 
1.0 
1.0 
1.0 
1.0 
1.0 
1.0 
0.15014 0.84986 
0.14975 0.85025 
0.464731 0.535269 
0.463574 0.536426 
0.804229 0.195771 
0.805669 0.194331 
0.960089 0.039911 
0.960042 0.039958 
1.0 
1.0 
1.0 
1.0 
1.0 
1.0 
1.0 
1.0 
1.0 
0.959955 0.040045 
0.798285 0.201715 
0.462459 0.537541 
0.149386 0.850614 
1.0 
1.0 
1.0 
1.0 
1.0 
1.0 
1.0 
1.0 
0.15134 0.84866 
0.447724 0.552276 
0.781158 0.218842 
0.959957 0.040043 
1.0 
1.0 
1.0 
1.0 
1.0 
1.0 
1.0 
1.0 
1.0 
1.0 
1.0 
1.0 
1.0 
1.0 
1.0 
1.0 
1.0 
1.0 
1.0 
1.0 
1.0 
1.0 
1.0 
1.0 
1.0 
1.0 
1.0 
0.959788 0.040212 
0.768046 0.231954 
0.434267 0.565733 
0.152163 0.847837 
1.0 
1.0 
1.0 
1.0 
1.0 
1.0 
1.0 
1.0 
0.148678 0.851322 
0.456021 0.543979 
0.780045 0.219955 
0.96 0.04 
1.0 
1.0 
1.0 
1.0 
1.0 
1.0 
1.0 
1.0 
1.0 
1.0 
1.0 
1.0 
1.0 
0.404331 0.595669 
0.500433 0.499567 
0.731418 0.268582 
0.739476 0.260524 
0.398143 0.601857 
0.744027 0.255973 
0.73166 0.26834 
0.358446 0.641554 
0.403662 0.596338 
0.731413 0.268587 
0.732641 0.267359 
0.428026 0.571974 
0.73208 0.26792 
0.447553 0.552447 
0.443268 0.556732 
0.723653 0.276347 
0.720517 0.279483 
0.440721 0.559279 
0.730255 0.269745 
0.422664 0.577336 
0.454822 0.545178 
0.729859 0.270141 
0.958199 0.041801 
0.757126 0.242874 
0.747134 0.252866 
0.960255 0.039745 
0.960375 0.039625 
0.746503 0.253497 
0.752403 0.247597 
0.959927 0.040073 
0.96005 0.03995 
0.77118 0.22882 
0.433296 0.566704 
0.418458 0.581542 
0.405237 0.594763 
0.412072 0.587928 
0.419306 0.580694 
0.15 0.85 
0.149548 0.850452 
0.150047 0.849953 
0.15053 0.84947 
0.150996 0.849004 
1.0 
1.0 
1.0 
1.0 
1.0 
1.0 
1.0 
1.0 
1.0 
0.100228 0.899772 
0.099775 0.900225 
0.097529 0.902471 
1.0 
1.0 
0.249284 0.750716 
0.250056 0.749944 
0.200288 0.799712 
0.182647 0.817353 
0.180052 0.819948 
0.139345 0.860655 
0.129401 0.870599 
0.130213 0.869787 
0.145487 0.854513 
0.203445 0.796555 
0.249492 0.750508 
1.0 
1.0 
1.0 
1.0 
1.0 
1.0 
1.0 
1.0 
0.1539 0.8461 
0.405354 0.594646 
0.732774 0.267226 
1.0 
1.0 
0.127778 0.872222 
0.404676 0.595324 
0.731025 0.268975 
0.921015 0.078985 
0.912423 0.087577 
0.943343 0.056657 
0.939205 0.060795 
0.940059 0.059941 
0.939707 0.060293 
0.940035 0.059965 
0.940144 0.059856 
0.940006 0.059994 
0.938088 0.061912 
0.921478 0.078522 
0.934895 0.065105 
0.943574 0.056426 
1.0 
1.0 
1.0 
1.0 
1.0 
1.0 
1.0 
1.0 
1.0 
1.0 
1.0 
1.0 
1.0 
1.0 
1.0 
1.0 
1.0 
1.0 
1.0 
1.0 
1.0 
1.0 
1.0 
1.0 
0.88 0.12 
0.88 0.12 
0.88 0.12 
0.88 0.12 
0.88 0.12 
0.88 0.12 
0.88 0.12 
0.88 0.12 
0.88 0.12 
0.88 0.12 
0.5 0.5 
0.5 0.5 
0.5 0.5 
0.5 0.5 
0.5 0.5 
0.5 0.5 
0.5 0.5 
0.5 0.5 
0.5 0.5 
0.5 0.5 
1.0 
1.0 
1.0 
1.0 
1.0 
1.0 
1.0 
1.0 
1.0 
1.0 
1.0 
1.0 
1.0 
1.0 
1.0 
1.0 
1.0 
1.0 
1.0 
1.0 
0.1 0.9 
0.1 0.9 
0.1 0.9 
0.1 0.9 
0.1 0.9 
0.1 0.9 
0.1 0.9 
0.1 0.9 
0.1 0.9 
0.1 0.9 
1.0 
1.0 
1.0 
1.0 
1.0 
1.0 
1.0 
1.0 
1.0 
1.0 
1.0 
1.0 
1.0 
1.0 
1.0 
1.0 
1.0 
1.0 
1.0 
1.0 
1.0 
1.0 
1.0 
1.0 
1.0 
1.0 
1.0 
1.0 
1.0 
1.0 
0.075948 0.924052 
1.0 
1.0 
1.0 
1.0 
1.0 
0.080739 0.919261 
0.298275 0.701725 
0.416861 0.583139 
0.176544 0.823456 
1.0 
1.0 
1.0 
1.0 
0.88 0.12 
0.5 0.5 
1.0 
1.0 
0.1 0.9 
1.0 
1.0 
1.0 
0.113611 0.886389 
1.0 
1.0 
1.0 
1.0 
1.0 
1.0 
1.0 
1.0 
1.0 
1.0 
1.0 
0.850134 0.149866 
0.881835 0.118165 
0.880706 0.119294 
0.88444 0.11556 
0.883634 0.116366 
0.884645 0.115355 
0.881348 0.118652 
0.882522 0.117478 
0.864649 0.135351 
0.892112 0.107888 
0.462093 0.537907 
0.481554 0.518446 
0.508196 0.491804 
0.486356 0.513644 
0.438062 0.561938 
0.430633 0.569367 
0.4002 0.5998 
0.4216 0.5784 
0.435925 0.564075 
0.455056 0.544944 
1.0 
1.0 
1.0 
1.0 
1.0 
1.0 
1.0 
1.0 
1.0 
1.0 
1.0 
1.0 
1.0 
1.0 
1.0 
1.0 
1.0 
1.0 
1.0 
1.0 
0.04 0.96 
0.04 0.96 
0.04 0.96 
0.04 0.96 
0.04 0.96 
0.04 0.96 
0.04 0.96 
0.04 0.96 
0.04 0.96 
0.04 0.96 
1.0 
1.0 
0.012128 0.987872 
0.010113 0.989887 
1.0 
1.0 
1.0 
1.0 
1.0 
1.0 
1.0 
1.0 
1.0 
1.0 
1.0 
1.0 
1.0 
1.0 
1.0 
1.0 
1.0 
1.0 
1.0 
1.0 
1.0 
1.0 
1.0 
1.0 
1.0 
1.0 
0.082729 0.917271 
1.0 
1.0 
1.0 
1.0 
1.0 
0.085535 0.914465 
0.29695 0.70305 
0.390233 0.609767 
0.16359 0.83641 
0.881888 0.118112 
0.442326 0.557674 
0.988495 0.011505 
1.0 
0.04 0.96 
1.0 
1.0 
1.0 
0.139024 0.860976 
1.0 
1.0 
1.0 
1.0 
1.0 
1.0 
1.0 
1.0 
1.0 
1.0 
1.0 
0.098977 0.901023 
0.080956 0.919044 
0.061605 0.938395 
0.9 0.1 
0.94 0.06 
1.0 
0.860837 0.139163 
0.71498 0.28502 
0.635653 0.30955 0.054797 
0.406038 0.593962 
0.651747 0.348253 
0.810082 0.189918 
0.965243 0.034757 
0.94 0.06 
0.9 0.1 
0.9 0.1 
0.94 0.06 
0.891214 0.108786 
0.686885 0.313115 
0.516465 0.483535 
0.166179 0.833821 
0.56518 0.43482 
0.364555 0.635445 
0.711198 0.133974 0.154828 
0.749758 0.098282 0.15196 
0.832101 0.078237 0.089662 
0.965864 0.034136 
0.94 0.06 
0.9 0.1 
0.9 0.1 
0.94 0.06 
1.0 
0.860487 0.139513 
0.714964 0.285036 
0.634601 0.054651 0.310748 
0.398056 0.601944 
0.635481 0.364519 
0.808012 0.191988 
0.96264 0.03736 
0.94 0.06 
0.9 0.1 
0.9 0.1 
0.94 0.06 
0.893163 0.106837 
0.690643 0.309357 
0.520976 0.479024 
0.166216 0.833784 
0.568054 0.431946 
0.334099 0.665901 
0.746727 0.127395 0.125878 
0.614135 0.339577 0.046288 
0.818028 0.089107 0.092865 
0.817047 0.132953 0.05 
0.627411 0.372589 
0.318689 0.681311 
0.19386 0.80614 
0.159987 0.840013 
0.049523 0.950477 
0.618015 0.047597 0.334388 
0.758532 0.012596 0.228872 
0.573851 0.426149 
0.797791 0.100638 0.101571 
0.888521 0.060711 0.050768 
0.792539 0.207461 
0.932274 0.034928 0.032798 
0.92311 0.07689 
0.9 0.1 
0.9 0.1 
0.9 0.1 
0.9 0.1 
0.090451 0.909549 
0.277056 0.722944 
0.242144 0.757856 
0.283201 0.716799 
0.359373 0.640627 
0.298547 0.701453 
0.404328 0.595672 
0.458214 0.541786 
0.566413 0.433587 
0.080885 0.919115 
0.07371 0.92629 
0.0945 0.9055 
0.147391 0.852609 
0.195384 0.804616 
0.35238 0.64762 
0.811212 0.188788 
0.93289 0.06711 
0.9 0.1 
0.9 0.1 
0.633543 0.366457 
0.500134 0.499866 
0.388774 0.611226 
0.312499 0.687501 
0.25887 0.74113 
0.267844 0.732156 
0.643441 0.356559 
0.648714 0.351286 
0.703287 0.296713 
0.684878 0.315122 
0.810994 0.189006 
0.823701 0.176299 
0.852213 0.147787 
0.873512 0.126488 
0.831134 0.168866 
0.792032 0.207968 
0.662013 0.337987 
0.611569 0.388431 
0.94 0.06 
0.94 0.06 
0.9 0.1 
0.9 0.1 
0.9 0.1 
0.94 0.06 
0.94 0.06 
0.94 0.06 
0.94 0.06 
0.9 0.1 
0.9 0.1 
0.9 0.1 
1.0 
1.0 
1.0 
1.0 
1.0 
1.0 
1.0 
1.0 
1.0 
1.0 
1.0 
1.0 
1.0 
1.0 
1.0 
1.0 
1.0 
1.0 
1.0 
1.0 
0.963061 0.036939 
1.0 
1.0 
1.0 
1.0 
0.953109 0.046891 
1.0 
1.0 
0.958352 0.041648 
0.945932 0.054068 
1.0 
0.977721 0.022279 
1.0 
1.0 
1.0 
1.0 
1.0 
1.0 
1.0 
1.0 
1.0 
1.0 
1.0 
1.0 
1.0 
1.0 
1.0 
1.0 
1.0 
1.0 
1.0 
1.0 
1.0 
1.0 
1.0 
1.0 
1.0 
1.0 
1.0 
0.9 0.1 
0.9 0.1 
0.9 0.1 
0.9 0.1 
0.911575 0.088425 
0.888889 0.111111 
0.9 0.1 
0.9 0.1 
0.9 0.1 
0.9 0.1 
0.9 0.1 
0.9 0.1 
0.9 0.1 
0.9 0.1 
0.9 0.1 
0.9 0.1 
0.9 0.1 
0.9 0.1 
0.898619 0.101381 
0.890114 0.109886 
0.888889 0.111111 
0.9 0.1 
0.9 0.1 
0.9 0.1 
0.9 0.1 
0.9 0.1 
0.9 0.1 
0.9 0.1 
0.9 0.1 
0.9 0.1 
0.9 0.1 
0.9 0.1 
0.9 0.1 
0.9 0.1 
0.888889 0.111111 
0.87 0.13 
0.9 0.1 
0.87 0.13 
0.870084 0.129916 
0.87 0.13 
0.87 0.13 
0.867624 0.132376 
0.847617 0.152383 
0.824564 0.175436 
0.787126 0.212874 
0.757892 0.242108 
0.75 0.25 
0.75 0.25 
0.75 0.25 
0.75 0.25 
0.75 0.25 
0.75105 0.24895 
0.75 0.25 
0.750761 0.249239 
0.758049 0.241951 
0.781449 0.218551 
0.82168 0.17832 
0.847837 0.152163 
0.867927 0.132073 
0.87 0.13 
1.0 
1.0 
1.0 
1.0 
1.0 
1.0 
1.0 
1.0 
1.0 
1.0 
1.0 
1.0 
1.0 
1.0 
1.0 
1.0 
1.0 
1.0 
1.0 
1.0 
1.0 
1.0 
1.0 
1.0 
1.0 
1.0 
1.0 
1.0 
1.0 
1.0 
1.0 
1.0 
1.0 
1.0 
1.0 
1.0 
1.0 
1.0 
1.0 
1.0 
1.0 
1.0 
1.0 
1.0 
1.0 
1.0 
1.0 
1.0 
1.0 
1.0 
1.0 
1.0 
1.0 
1.0 
1.0 
1.0 
1.0 
1.0 
1.0 
1.0 
1.0 
1.0 
1.0 
1.0 
1.0 
1.0 
1.0 
1.0 
1.0 
1.0 
1.0 
1.0 
1.0 
1.0 
1.0 
1.0 
1.0 
1.0 
1.0 
1.0 
1.0 
1.0 
1.0 
1.0 
1.0 
1.0 
1.0 
1.0 
1.0 
1.0 
1.0 
1.0 
1.0 
1.0 
1.0 
1.0 
1.0 
1.0 
1.0 
1.0 
1.0 
1.0 
1.0 
1.0 
1.0 
1.0 
1.0 
1.0 
1.0 
1.0 
1.0 
1.0 
1.0 
1.0 
1.0 
1.0 
1.0 
1.0 
1.0 
1.0 
1.0 
1.0 
1.0 
1.0 
1.0 
1.0 
1.0 
1.0 
1.0 
1.0 
1.0 
1.0 
1.0 
1.0 
1.0 
1.0 
1.0 
1.0 
1.0 
1.0 
1.0 
1.0 
1.0 
1.0 
1.0 
1.0 
1.0 
1.0 
1.0 
1.0 
1.0 
1.0 
1.0 
1.0 
1.0 
1.0 
1.0 
1.0 
1.0 
1.0 
1.0 
1.0 
1.0 
1.0 
1.0 
1.0 
1.0 
1.0 
1.0 
1.0 
1.0 
1.0 
1.0 
1.0 
1.0 
1.0 
1.0 
1.0 
1.0 
1.0 
1.0 
1.0 
1.0 
1.0 
1.0 
1.0 
1.0 
1.0 
1.0 
1.0 
1.0 
1.0 
1.0 
1.0 
1.0 
1.0 
1.0 
1.0 
1.0 
1.0 
1.0 
1.0 
1.0 
1.0 
1.0 
1.0 
1.0 
1.0 
1.0 
1.0 
1.0 
1.0 
1.0 
1.0 
1.0 
1.0 
1.0 
1.0 
1.0 
1.0 
1.0 
1.0 
1.0 
1.0 
1.0 
1.0 
1.0 
1.0 
1.0 
1.0 
1.0 
1.0 
1.0 
1.0 
1.0 
1.0 
1.0 
1.0 
1.0 
1.0 
1.0 
1.0 
1.0 
1.0 
1.0 
1.0 
1.0 
1.0 
1.0 
1.0 
1.0 
1.0 
1.0 
1.0 
1.0 
1.0 
1.0 
1.0 
1.0 
1.0 
1.0 
1.0 
1.0 
1.0 
1.0 
1.0 
1.0 
1.0 
1.0 
1.0 
1.0 
1.0 
1.0 
1.0 
1.0 
1.0 
1.0 
1.0 
1.0 
1.0 
1.0 
1.0 
1.0 
1.0 
1.0 
1.0 
1.0 
1.0 
1.0 
1.0 
1.0 
1.0 
1.0 
1.0 
1.0 
1.0 
1.0 
1.0 
1.0 
1.0 
1.0 
1.0 
1.0 
1.0 
1.0 
1.0 
1.0 
1.0 
1.0 
1.0 
1.0 
1.0 
1.0 
1.0 
1.0 
1.0 
1.0 
1.0 
1.0 
1.0 
1.0 
1.0 
1.0 
1.0 
1.0 
1.0 
1.0 
1.0 
1.0 
1.0 
1.0 
1.0 
1.0 
1.0 
1.0 
1.0 
1.0 
1.0 
1.0 
1.0 
1.0 
1.0 
1.0 
1.0 
1.0 
1.0 
1.0 
1.0 
1.0 
1.0 
1.0 
1.0 
1.0 
1.0 
1.0 
1.0 
1.0 
1.0 
1.0 
1.0 
1.0 
1.0 
1.0 
1.0 
1.0 
1.0 
1.0 
1.0 
1.0 
1.0 
1.0 
1.0 
1.0 
1.0 
1.0 
1.0 
1.0 
1.0 
1.0 
1.0 
1.0 
1.0 
1.0 
1.0 
1.0 
0.07655 0.92345 
1.0 
1.0 
0.069121 0.930879 
0.146557 0.853443 
0.013094 0.314336 0.672571 
0.266731 0.733269 
0.163459 0.836541 
0.145742 0.854258 
1.0 
1.0 
1.0 
1.0 
1.0 
1.0 
1.0 
1.0 
1.0 
1.0 
1.0 
1.0 
0.214736 0.785264 
1.0 
1.0 
1.0 
1.0 
1.0 
1.0 
1.0 
0.104104 0.895896 
0.183383 0.816617 
0.129142 0.870858 
1.0 
1.0 
0.189612 0.810388 
0.090108 0.909892 
1.0 
1.0 
1.0 
0.294288 0.705712 
0.287414 0.712586 
0.320737 0.679263 
0.284799 0.715201 
1.0 
1.0 
0.35 0.65 
0.262232 0.737768 
0.322634 0.677366 
0.30175 0.69825 
0.346299 0.653701 
1.0 
0.35 0.65 
1.0 
1.0 
1.0 
1.0 
1.0 
1.0 
1.0 
1.0 
1.0 
0.884613 0.115387 
0.939225 0.060775 
1.0 
1.0 
1.0 
1.0 
0.826463 0.173538 
0.706318 0.293682 
0.564961 0.435039 
0.649327 0.350673 
0.8737 0.1263 
1.0 
0.941785 0.058215 
0.679314 0.320686 
0.435036 0.564964 
0.44089 0.55911 
0.281918 0.649118 0.068964 
0.201017 0.586941 0.212041 
0.192255 0.582568 0.225177 
0.57189 0.363066 0.065043 
0.238611 0.526555 0.234835 
0.718786 0.245845 0.03537 
1.0 
1.0 
0.884138 0.115862 
0.723571 0.276429 
0.59695 0.40305 
0.478348 0.521652 
0.318838 0.681162 
0.454719 0.545281 
0.563653 0.436347 
0.63369 0.36631 
0.777049 0.222951 
0.927331 0.072669 
1.0 
1.0 
1.0 
1.0 
1.0 
1.0 
0.784534 0.166623 0.048843 
1.0 
1.0 
1.0 
1.0 
1.0 
1.0 
0.825123 0.091755 0.083122 
1.0 
1.0 
1.0 
1.0 
0.06 0.94 
1.0 
1.0 
1.0 
0.944061 0.055939 
0.076968 0.923032 
0.178447 0.821553 
0.29876 0.70124 
0.04 0.42201 0.53799 
0.090091 0.56278 0.347129 
0.16 0.84 
1.0 
1.0 
1.0 
0.877225 0.122775 
0.702392 0.297608 
0.563518 0.436482 
0.442847 0.557153 
1.0 
0.877436 0.122564 
0.712103 0.287897 
0.581319 0.418681 
0.459225 0.540775 
0.11688 0.88312 
0.308806 0.691194 
0.06 0.378992 0.561008 
0.048982 0.427932 0.523086 
0.071162 0.45753 0.471308 
0.058101 0.594832 0.347068 
0.02905 0.170152 0.552906 0.247893 
0.06 0.350944 0.489056 0.1 
0.196227 0.593612 0.210161 
0.14082 0.619913 0.239267 
0.06 0.341049 0.498951 0.1 
0.06 0.346051 0.493949 0.1 
0.138964 0.627424 0.233612 
0.141451 0.629027 0.229522 
0.06 0.347464 0.492536 0.1 
0.06 0.501388 0.438612 
0.06 0.497205 0.442795 
0.06 0.517117 0.422883 
0.06 0.470245 0.469755 
0.28 0.72 
0.304482 0.695518 
0.312995 0.687005 
0.312455 0.687545 
0.308593 0.691407 
0.300314 0.699686 
0.324455 0.675545 
0.165621 0.758971 0.075408 
0.135656 0.797741 0.066603 
0.137548 0.793081 0.069371 
0.777778 0.222222 
0.715919 0.236687 0.047394 
0.598385 0.196906 0.204709 
0.606525 0.135733 0.257742 
0.590209 0.101279 0.308512 
0.509076 0.10534 0.385584 
0.552711 0.087053 0.360236 
0.558495 0.098525 0.342979 
0.553226 0.446774 
0.541354 0.393145 0.065502 
0.555323 0.336015 0.108661 
0.533253 0.340876 0.125871 
0.560576 0.322906 0.116517 
0.617319 0.281695 0.100987 
0.632495 0.263957 0.103547 
0.557584 0.346987 0.095428 
0.147326 0.587328 0.265346 
0.076019 0.711336 0.212646 
0.063599 0.656004 0.280397 
0.078426 0.391997 0.529577 
0.049075 0.495595 0.45533 
0.037426 0.475874 0.4867 
0.068777 0.442465 0.488759 
0.135972 0.642077 0.221951 
0.258384 0.710302 0.031315 
0.510056 0.489944 
0.653116 0.080405 0.266479 
0.78309 0.112208 0.104702 
0.097242 0.902758 
0.127495 0.872505 
0.093224 0.906776 
0.08041 0.91959 
0.118171 0.881829 
0.134416 0.551302 0.314282 
0.265856 0.604065 0.130079 
0.42283 0.488654 0.088516 
0.239311 0.595769 0.16492 
0.271563 0.728437 
0.376 0.564 0.06 
0.376 0.564 0.06 
0.376 0.564 0.06 
0.316 0.624 0.06 
0.316 0.624 0.06 
0.376 0.564 0.06 
0.426 0.514 0.06 
0.11 0.54 0.35 
0.107778 0.602222 0.29 
0.112 0.698 0.19 
0.0925 0.7175 0.19 
0.11 0.7 0.19 
0.13 0.68 0.19 
0.107859 0.702141 0.19 
0.020563 0.184968 0.559018 0.235451 
0.017795 0.205567 0.58855 0.188088 
0.030623 0.185864 0.591552 0.191961 
0.06 0.34102 0.49898 0.1 
0.06 0.37236 0.46764 0.1 
0.06 0.362203 0.477797 0.1 
0.06 0.396 0.444 0.1 
0.06 0.396 0.444 0.1 
0.271809 0.558191 0.17 
0.280218 0.549782 0.17 
0.279015 0.550985 0.17 
0.291204 0.538796 0.17 
0.289238 0.540762 0.17 
0.295625 0.534375 0.17 
0.302414 0.527586 0.17 
0.308715 0.521285 0.17 
0.302414 0.527586 0.17 
0.677565 0.322435 
0.614716 0.385284 
0.577565 0.422435 
0.497565 0.502435 
0.497565 0.502435 
0.497565 0.502435 
0.497565 0.502435 
0.497565 0.502435 
0.342415 0.487585 0.17 
0.06 0.357033 0.482967 0.1 
0.102158 0.612946 0.284896 
0.06 0.380841 0.559159 
0.176471 0.823529 
0.212727 0.787273 
0.06 0.422808 0.517192 
0.063754 0.701907 0.234339 
0.06 0.36591 0.47409 0.1 
0.318379 0.511621 0.17 
0.304142 0.525858 0.17 
0.06 0.34251 0.49749 0.1 
0.063754 0.701907 0.234339 
0.06 0.441872 0.498128 
0.237717 0.762283 
1.0 
1.0 
1.0 
1.0 
1.0 
0.884859 0.115141 
0.96 0.04 
0.693048 0.306952 
0.853167 0.146833 
0.705018 0.294982 
0.717984 0.282016 
0.534098 0.465902 
0.316768 0.683232 
0.482549 0.517451 
0.030696 0.969304 
0.025394 0.974607 
0.011874 0.988126 
0.014878 0.985122 
0.028349 0.971651 
0.069746 0.930254 
1.0 
1.0 
1.0 
1.0 
1.0 
1.0 
0.04 0.230434 0.729566 
0.299587 0.700413 
0.257985 0.742015 
0.04 0.290213 0.669787 
0.06 0.31152 0.62848 
0.300034 0.506053 0.193913 
0.491073 0.321617 0.18731 
0.266723 0.733277 
0.166494 0.833506 
0.482384 0.336752 0.180864 
0.141462 0.858538 
0.448451 0.365385 0.186164 
0.381572 0.366485 0.251943 
0.115029 0.884971 
0.099778 0.900222 
1.0 
0.847952 0.152048 
0.568124 0.34263 0.089247 
0.448379 0.464943 0.086679 
1.0 
0.848544 0.151456 
0.89894 0.10106 
0.851872 0.148128 
1.0 
1.0 
0.022658 0.977342 
1.0 
1.0 
1.0 
1.0 
1.0 
1.0 
1.0 
1.0 
1.0 
1.0 
0.060254 0.939746 
0.038976 0.471509 0.489516 
0.085822 0.675491 0.238687 
0.170102 0.711026 0.118872 
0.38483 0.61517 
0.583279 0.120426 0.296295 
0.636975 0.280048 0.082977 
0.118809 0.881191 
0.029462 0.970538 
1.0 
0.277074 0.722926 
1.0 
0.198871 0.679423 0.121706 
0.116685 0.577348 0.305967 
0.05327 0.435943 0.510787 
0.053672 0.946328 
0.021161 0.978839 
1.0 
0.225186 0.774814 
1.0 
0.013918 0.986082 
0.060823 0.939177 
0.04185 0.95815 
1.0 
1.0 
1.0 
1.0 
1.0 
1.0 
1.0 
1.0 
1.0 
1.0 
1.0 
1.0 
1.0 
1.0 
1.0 
1.0 
1.0 
1.0 
1.0 
0.921326 0.078674 
0.914541 0.085459 
0.907472 0.092527 
0.906406 0.093594 
0.905863 0.094137 
0.902195 0.097805 
0.899796 0.100204 
0.900851 0.099149 
0.907195 0.092805 
0.906014 0.093986 
0.910386 0.089614 
0.920422 0.079578 
0.922758 0.077242 
0.554421 0.445579 
0.552603 0.447397 
0.544014 0.455986 
0.554359 0.445641 
0.565984 0.434016 
0.55096 0.44904 
0.516817 0.483183 
0.482715 0.517285 
0.46339 0.53661 
0.470338 0.529662 
0.494684 0.505316 
0.520192 0.479808 
0.54285 0.45715 
0.126723 0.873277 
0.127265 0.872735 
0.135342 0.864658 
0.141167 0.858833 
0.45 0.55 
0.45 0.55 
0.155055 0.844945 
0.080493 0.919507 
0.45 0.55 
0.17849 0.585198 0.236312 
0.129763 0.493836 0.376401 
0.45 0.55 
0.112628 0.887372 
0.604708 0.395292 
0.543583 0.456417 
0.863195 0.136805 
0.888913 0.111087 
0.522948 0.406582 0.07047 
0.358853 0.554044 0.087103 
0.867145 0.132855 
0.827342 0.172658 
0.404305 0.471415 0.12428 
0.493811 0.288442 0.200637 0.01711 
0.870539 0.129461 
1.0 
0.176667 0.706667 0.116667 
0.526066 0.473934 
1.0 
1.0 
1.0 
1.0 
0.1 0.9 
0.1 0.9 
1.0 
1.0 
1.0 
0.6 0.4 
0.6 0.4 
0.05 0.855 0.095 
0.05 0.855 0.095 
0.5 0.5 
0.5 0.5 
0.1 0.806707 0.093293 
0.1 0.800384 0.099616 
0.4 0.6 
0.4 0.6 
0.8 0.2 
0.9 0.1 
1.0 
1.0 
1.0 
0.846505 0.153495 
1.0 
1.0 
1.0 
1.0 
0.146538 0.853462 
0.45 0.55 
0.45 0.55 
0.197935 0.802065 
1.0 
1.0 
1.0 
1.0 
0.841151 0.158849 
0.025693 0.924307 0.05 
0.033992 0.916008 0.05 
0.5 0.5 
0.5 0.5 
0.05 0.95 
0.05 0.95 
0.9 0.1 
0.9 0.1 
0.4 0.6 
0.4 0.6 
1.0 
1.0 
1.0 
1.0 
0.45 0.55 
0.45 0.55 
0.859294 0.140706 
1.0 
1.0 
1.0 
1.0 
0.067342 0.932658 
0.137711 0.862289 
0.47855 0.52145 
0.2 0.72 0.08 
0.9 0.1 
0.9 0.1 
0.169561 0.211094 0.570802 0.048543 
0.45 0.55 
0.45 0.55 
1.0 
1.0 
1.0 
1.0 
0.123886 0.241718 0.600252 0.034143 
0.9 0.1 
0.45 0.55 
1.0 
1.0 
1.0 
1.0 
0.45 0.55 
0.9 0.1 
0.1 0.683925 0.216075 
0.407583 0.592417 
0.9 0.1 
0.45 0.55 
1.0 
1.0 
0.2 0.72 0.08 
0.2 0.72 0.08 
1.0 
1.0 
1.0 
1.0 
1.0 
0.8 0.2 
0.4 0.6 
0.1 0.809416 0.090584 
0.5 0.5 
0.05 0.855 0.095 
0.6 0.4 
0.1 0.9 
1.0 
0.35 0.65 
0.073676 0.876324 0.05 
0.5 0.5 
0.05 0.95 
0.9 0.1 
0.4 0.6 
1.0 
1.0 
0.4 0.6 
0.1 0.804665 0.095335 
0.5 0.5 
0.05 0.855 0.095 
0.6 0.4 
0.1 0.9 
1.0 
1.0 
1.0 
1.0 
0.1 0.9 
0.6 0.4 
0.05 0.855 0.095 
0.5 0.5 
0.1 0.81 0.09 
0.4 0.6 
0.5 0.5 
0.5 0.5 
0.862321 0.137679 
1.0 
1.0 
1.0 
1.0 
1.0 
1.0 
0.35 0.65 
0.078995 0.871005 0.05 
0.5 0.5 
0.05 0.95 
0.9 0.1 
0.4 0.6 
1.0 
1.0 
1.0 
1.0 
0.4 0.6 
0.9 0.1 
0.05 0.95 
0.5 0.5 
0.059375 0.890625 0.05 
0.35 0.65 
0.5 0.5 
0.1 0.849752 0.050248 
0.1 0.852375 0.047625 
0.1 0.851988 0.048012 
0.4 0.6 
0.4 0.6 
0.05 0.9025 0.0475 
0.05 0.9025 0.0475 
0.5 0.5 
0.5 0.5 
0.05 0.95 
0.05 0.95 
1.0 
1.0 
1.0 
1.0 
0.876894 0.123106 
1.0 
1.0 
1.0 
1.0 
0.855511 0.144489 
1.0 
0.4 0.6 
0.4 0.6 
0.5 0.5 
0.6 0.4 
0.1 0.854063 0.045937 
0.4 0.6 
0.05 0.9025 0.0475 
0.5 0.5 
0.05 0.95 
1.0 
1.0 
0.45 0.55 
1.0 
1.0 
0.35 0.65 
1.0 
1.0 
0.9 0.1 
0.720968 0.279032 
0.837011 0.162989 
1.0 
0.4 0.6 
0.05 0.9025 0.0475 
0.5 0.5 
0.05 0.95 
1.0 
1.0 
1.0 
0.809231 0.190769 
1.0 
1.0 
1.0 
1.0 
0.773116 0.226884 
0.379442 0.620558 
0.1 0.852571 0.047429 
0.4 0.6 
0.05 0.9025 0.0475 
0.5 0.5 
0.05 0.95 
1.0 
1.0 
1.0 
1.0 
1.0 
1.0 
1.0 
0.844779 0.155221 
0.85 0.15 
0.852227 0.147773 
0.4 0.6 
0.4 0.6 
0.45 0.55 
0.446803 0.553197 
0.142675 0.857325 
0.095077 0.904923 
0.411232 0.5665 0.022267 
0.183512 0.568422 0.248066 
0.128582 0.515428 0.35599 
0.400458 0.599542 
0.13722 0.86278 
0.600714 0.399286 
0.543231 0.456769 
0.865357 0.134643 
0.888332 0.111668 
0.517613 0.413536 0.06885 
0.380509 0.53472 0.084771 
0.866858 0.133142 
0.827764 0.172236 
0.325898 0.460933 0.21317 
0.436012 0.364663 0.185333 0.013992 
0.892436 0.107564 
1.0 
0.181221 0.683432 0.135347 
0.023525 0.505007 0.471468 
1.0 
1.0 
1.0 
1.0 
0.09951 0.90049 
0.100713 0.899287 
1.0 
1.0 
1.0 
0.600389 0.399611 
0.599594 0.400406 
0.051595 0.853742 0.094663 
0.049932 0.854653 0.095415 
0.497633 0.502367 
0.50458 0.49542 
0.099766 0.806064 0.09417 
0.100583 0.800012 0.099406 
0.4 0.6 
0.396676 0.603324 
0.783595 0.216405 
0.892145 0.107855 
1.0 
1.0 
1.0 
0.842183 0.157817 
1.0 
1.0 
1.0 
1.0 
0.169005 0.830995 
0.435495 0.564505 
0.442752 0.557248 
0.194208 0.805792 
1.0 
1.0 
1.0 
0.985893 0.014107 
0.843491 0.156509 
0.025658 0.922925 0.051417 
0.033632 0.914071 0.052297 
0.520945 0.479055 
0.520755 0.479245 
0.05796 0.94204 
0.070938 0.929062 
0.900303 0.099697 
0.900088 0.099912 
0.4 0.6 
0.399523 0.600477 
1.0 
1.0 
1.0 
1.0 
0.452771 0.547229 
0.452654 0.547346 
0.857882 0.142118 
1.0 
1.0 
1.0 
1.0 
0.06538 0.93462 
0.141748 0.858252 
0.473544 0.526456 
0.195458 0.714191 0.090351 
0.900833 0.099167 
0.010683 0.015502 0.877768 0.096047 
0.157518 0.219169 0.578567 0.044746 
0.495522 0.504478 
0.443788 0.556212 
1.0 
1.0 
1.0 
1.0 
0.10427 0.285838 0.573217 0.036676 
0.017569 0.886317 0.096114 
0.44228 0.55772 
1.0 
1.0 
1.0 
1.0 
0.498997 0.501003 
0.012008 0.082125 0.817875 0.087992 
0.108045 0.681955 0.21 
0.408264 0.591736 
0.898491 0.101509 
0.448237 0.551763 
1.0 
1.0 
0.207627 0.713902 0.07847 
0.205293 0.715934 0.078773 
1.0 
1.0 
1.0 
1.0 
1.0 
0.782426 0.217574 
0.397468 0.602532 
0.097993 0.803236 0.098771 
0.495816 0.504184 
0.049764 0.853795 0.096441 
0.596961 0.403039 
0.099411 0.900589 
1.0 
0.351223 0.648777 
0.071987 0.871577 0.056436 
0.496168 0.503832 
0.049941 0.950059 
0.896368 0.103632 
0.398819 0.601181 
1.0 
1.0 
0.397497 0.569964 0.032539 
0.10315 0.802516 0.094334 
0.498639 0.501361 
0.0502 0.854843 0.094958 
0.593825 0.406175 
0.099607 0.900393 
1.0 
1.0 
1.0 
1.0 
0.099612 0.900388 
0.60023 0.39977 
0.049699 0.853464 0.096838 
0.496411 0.50359 
0.099838 0.809499 0.090663 
0.402717 0.597283 
0.5 0.5 
0.500171 0.49983 
0.863282 0.136718 
0.985464 0.014536 
1.0 
1.0 
1.0 
1.0 
1.0 
0.356925 0.643075 
0.079413 0.870714 0.049873 
0.484904 0.515096 
0.049282 0.950718 
0.894064 0.105936 
0.39814 0.60186 
1.0 
1.0 
1.0 
1.0 
0.397436 0.602564 
0.896462 0.103538 
0.048778 0.951222 
0.48253 0.51747 
0.058414 0.884305 0.057281 
0.35 0.65 
0.495486 0.504515 
0.104238 0.846138 0.049625 
0.099902 0.85191 0.048188 
0.100343 0.851697 0.04796 
0.396846 0.603154 
0.404996 0.595004 
0.05 0.9025 0.0475 
0.051266 0.901406 0.047328 
0.499056 0.500944 
0.495888 0.504112 
0.049587 0.950413 
0.050506 0.949494 
1.0 
1.0 
1.0 
1.0 
0.87251 0.12749 
0.986276 0.013724 
1.0 
1.0 
1.0 
0.767054 0.232946 
1.0 
0.398747 0.601253 
0.412721 0.587279 
0.461159 0.538841 
0.534334 0.465666 
0.099909 0.853635 0.046456 
0.398785 0.601215 
0.049856 0.901337 0.048807 
0.499451 0.500549 
0.049603 0.950397 
1.0 
1.0 
0.458946 0.541054 
1.0 
1.0 
0.34183 0.65817 
1.0 
1.0 
0.842017 0.157983 
0.704723 0.02349 0.271787 
0.841833 0.158167 
0.986191 0.013809 
0.407097 0.592903 
0.052766 0.900109 0.047125 
0.496016 0.503984 
0.049698 0.950302 
1.0 
1.0 
1.0 
0.812549 0.187451 
0.971335 0.028665 
1.0 
1.0 
1.0 
0.772198 0.154301 0.073501 
0.379867 0.620133 
0.0996 0.850761 0.04964 
0.395805 0.604195 
0.050099 0.902414 0.047487 
0.497673 0.502327 
0.050873 0.949127 
1.0 
1.0 
1.0 
1.0 
1.0 
1.0 
1.0 
0.80913 0.19087 
0.760004 0.239996 
0.854656 0.145344 
0.4077 0.5923 
0.400977 0.599023 
0.05 0.95 
0.05 0.95 
1.0 
1.0 
1.0 
0.05 0.95 
0.05 0.95 
0.05 0.95 
1.0 
1.0 
0.117405 0.882595 
0.09212 0.90788 
0.5 0.5 
0.5 0.5 
0.05 0.95 
0.05 0.95 
0.5 0.5 
0.5 0.5 
0.05 0.95 
0.05 0.95 
1.0 
1.0 
0.918567 0.047824 0.033609 
0.045172 0.954828 
0.5 0.5 
0.05 0.95 
0.5 0.5 
0.05 0.95 
1.0 
1.0 
1.0 
0.05 0.95 
0.5 0.5 
0.5 0.5 
0.05 0.95 
0.05 0.95 
0.05 0.95 
0.5 0.5 
0.5 0.5 
0.043375 0.956625 
0.039172 0.960828 
1.0 
1.0 
1.0 
1.0 
1.0 
1.0 
1.0 
1.0 
1.0 
1.0 
1.0 
0.885339 0.114661 
0.939448 0.060552 
1.0 
1.0 
1.0 
1.0 
1.0 
0.826463 0.173538 
0.70723 0.29277 
0.565794 0.434206 
0.650392 0.349608 
0.874687 0.125313 
1.0 
0.941984 0.058016 
0.679824 0.320176 
0.432587 0.567413 
0.443271 0.556729 
0.284853 0.646914 0.068233 
0.201801 0.58708 0.211119 
0.193412 0.58191 0.224678 
0.572024 0.363249 0.064727 
0.240303 0.525018 0.234679 
0.717548 0.246568 0.035883 
1.0 
1.0 
1.0 
0.88499 0.11501 
0.725067 0.274933 
0.597789 0.402211 
0.479993 0.520007 
0.330739 0.669261 
0.45639 0.54361 
0.564446 0.435554 
0.63462 0.36538 
0.778037 0.221963 
0.927441 0.072559 
1.0 
1.0 
1.0 
1.0 
1.0 
1.0 
1.0 
1.0 
0.785932 0.16441 0.049658 
1.0 
1.0 
1.0 
1.0 
1.0 
1.0 
1.0 
0.825123 0.091755 0.083122 
1.0 
1.0 
1.0 
1.0 
0.060208 0.939792 
1.0 
1.0 
1.0 
0.944045 0.055955 
0.076968 0.923032 
0.077237 0.922763 
0.178335 0.821665 
0.299115 0.700885 
0.462181 0.537819 
0.070833 0.582779 0.346388 
0.159997 0.840003 
1.0 
1.0 
1.0 
0.877592 0.122408 
0.703213 0.296787 
0.564259 0.435741 
0.446272 0.553728 
1.0 
0.878092 0.121908 
0.7132 0.2868 
0.582152 0.417848 
0.461721 0.538279 
0.11689 0.88311 
0.308863 0.691137 
0.06 0.37869 0.56131 
0.048982 0.427932 0.523086 
0.048986 0.427938 0.523076 
0.071 0.457711 0.471289 
0.058728 0.594072 0.3472 
0.029119 0.170345 0.553012 0.247524 
0.060225 0.351112 0.488762 0.099902 
0.157092 0.63319 0.209718 
0.10087 0.659887 0.239243 
0.06 0.34109 0.49891 0.1 
0.06034 0.346285 0.493512 0.099863 
0.119206 0.647352 0.233442 
0.141533 0.628791 0.229676 
0.06 0.347485 0.492515 0.1 
0.06 0.501269 0.438731 
0.06 0.497564 0.442436 
0.06 0.517313 0.422687 
0.06 0.470806 0.469194 
0.280023 0.719977 
0.304635 0.695365 
0.313465 0.686535 
0.312847 0.687153 
0.296801 0.703199 
0.294937 0.705063 
0.325784 0.674216 
0.164646 0.758689 0.076665 
0.136506 0.797163 0.066331 
0.138998 0.792178 0.068824 
0.784673 0.215327 
0.777466 0.222534 
0.716085 0.236871 0.047044 
0.598597 0.197963 0.20344 
0.60588 0.137497 0.256623 
0.590053 0.104058 0.305889 
0.522876 0.107436 0.369688 
0.554651 0.09144 0.353909 
0.563365 0.111144 0.325492 
0.542035 0.457965 
0.553529 0.446471 
0.54192 0.392994 0.065086 
0.55437 0.337882 0.107748 
0.54019 0.322111 0.137699 
0.554659 0.331282 0.11406 
0.608497 0.294461 0.097043 
0.601528 0.302026 0.096446 
0.569149 0.340182 0.090669 
0.147596 0.587508 0.264897 
0.07497 0.680551 0.244479 
0.061068 0.636358 0.302574 
0.116859 0.432247 0.450893 
0.049161 0.496172 0.454667 
0.037473 0.476101 0.486426 
0.069275 0.443662 0.487063 
0.136867 0.642079 0.221054 
0.259238 0.709593 0.031169 
0.510875 0.489125 
0.654242 0.080256 0.265502 
0.783721 0.112118 0.104161 
0.125043 0.874957 
0.127714 0.872286 
0.093756 0.906244 
0.081199 0.918801 
0.119195 0.880805 
0.127769 0.535368 0.336863 
0.266375 0.604208 0.129417 
0.423273 0.488786 0.087941 
0.282935 0.560178 0.156886 
0.275062 0.724938 
0.402857 0.537143 0.06 
0.375989 0.563997 0.060014 
0.376 0.564 0.06 
0.366969 0.568854 0.064176 
0.302601 0.629601 0.067797 
0.311119 0.625261 0.06362 
0.356259 0.571422 0.072319 
0.417437 0.516011 0.066553 
0.141667 0.458333 0.4 
0.109956 0.539728 0.350317 
0.128262 0.611784 0.259953 
0.128251 0.685806 0.185942 
0.09556 0.715523 0.188917 
0.120074 0.689926 0.19 
0.114324 0.695676 0.19 
0.105018 0.704982 0.19 
0.020563 0.184968 0.559018 0.235451 
0.02058 0.185072 0.55897 0.235378 
0.017861 0.205634 0.588219 0.188287 
0.030575 0.185844 0.591689 0.191893 
0.060273 0.341415 0.498431 0.099881 
0.060028 0.372358 0.467627 0.099987 
0.059942 0.361868 0.478008 0.100181 
0.060006 0.396004 0.443993 0.099997 
0.060112 0.396136 0.443819 0.099934 
0.06 0.396 0.444 0.1 
0.228483 0.601517 0.17 
0.27161 0.558437 0.169953 
0.281147 0.549654 0.1692 
0.279188 0.550942 0.16987 
0.291708 0.53873 0.169563 
0.288897 0.540504 0.170599 
0.295762 0.534356 0.169882 
0.302398 0.527602 0.17 
0.308444 0.521143 0.170413 
0.30254 0.52746 0.17 
0.676959 0.323041 
0.614206 0.385794 
0.576998 0.423002 
0.497565 0.502435 
0.497464 0.502536 
0.497619 0.502381 
0.497521 0.502479 
0.497481 0.502519 
0.497565 0.502435 
0.34235 0.48767 0.16998 
0.061333 0.357683 0.481456 0.099528 
0.101871 0.613583 0.284546 
0.06 0.38119 0.55881 
0.176962 0.823038 
0.212653 0.787347 
0.06 0.422701 0.517299 
0.063866 0.701855 0.234279 
0.060012 0.365776 0.474217 0.099995 
0.31853 0.511563 0.169907 
0.304349 0.525651 0.17 
0.06 0.342651 0.497369 0.09998 
0.063719 0.701825 0.234456 
0.06 0.441952 0.498048 
0.237796 0.762204 
1.0 
1.0 
1.0 
1.0 
1.0 
0.885197 0.114803 
0.960028 0.039972 
0.693574 0.306426 
0.853705 0.146295 
0.705659 0.294341 
0.718694 0.281306 
0.534978 0.465022 
0.317736 0.682264 
0.483733 0.516267 
0.031563 0.968437 
0.025375 0.974625 
0.01202 0.98798 
0.015101 0.984899 
0.028827 0.971173 
0.07155 0.92845 
1.0 
1.0 
1.0 
1.0 
1.0 
1.0 
0.068536 0.289163 0.642301 
0.300109 0.699891 
0.258702 0.741298 
0.04014 0.290761 0.669099 
0.056554 0.312934 0.630512 
0.470664 0.329303 0.200032 
0.012389 0.2682 0.719411 
0.173444 0.826556 
0.433724 0.329124 0.237151 
0.125178 0.874822 
0.395058 0.339853 0.265089 
0.382101 0.366211 0.251688 
0.119039 0.880961 
0.106084 0.893916 
1.0 
0.852474 0.147526 
0.602062 0.318681 0.079257 
0.463366 0.455319 0.081315 
1.0 
0.848591 0.151409 
0.899114 0.100886 
0.840778 0.159222 
1.0 
1.0 
1.0 
1.0 
1.0 
1.0 
1.0 
1.0 
0.308732 0.691268 
0.06 0.495491 0.444509 
0.063754 0.701907 0.234339 
0.06 0.359333 0.480667 0.1 
0.272148 0.557852 0.17 
0.027483 0.972517 
1.0 
1.0 
1.0 
1.0 
1.0 
1.0 
1.0 
1.0 
1.0 
1.0 
0.066353 0.933647 
0.039092 0.471785 0.489123 
0.086702 0.675862 0.237435 
0.170895 0.710715 0.118389 
0.385212 0.614788 
0.577898 0.113667 0.308435 
0.637035 0.285212 0.077754 
0.118881 0.881119 
0.029419 0.970581 
1.0 
0.278319 0.721681 
1.0 
0.199925 0.679352 0.120723 
0.091247 0.519537 0.389216 
0.053491 0.435806 0.510703 
0.054285 0.945715 
0.0212 0.9788 
1.0 
0.227528 0.772472 
1.0 
0.022088 0.977912 
0.063646 0.936354 
0.042515 0.957485 
1.0 
1.0 
1.0 
1.0 
1.0 
1.0 
1.0 
1.0 
1.0 
1.0 
1.0 
1.0 
1.0 
1.0 
1.0 
1.0 
1.0 
1.0 
1.0 
0.921404 0.078596 
0.914766 0.085234 
0.907617 0.092383 
0.906519 0.093481 
0.905825 0.094175 
0.902838 0.097162 
0.899934 0.100066 
0.901136 0.098864 
0.907387 0.092613 
0.906334 0.093666 
0.910541 0.089459 
0.92071 0.07929 
0.923019 0.076981 
0.554512 0.445488 
0.552627 0.447373 
0.545257 0.454743 
0.556058 0.443942 
0.566931 0.433069 
0.551712 0.448288 
0.517563 0.482437 
0.483434 0.516567 
0.464027 0.535973 
0.453001 0.546999 
0.45834 0.54166 
0.521434 0.478566 
0.544034 0.455966 
0.127689 0.872311 
0.127799 0.872201 
0.137484 0.862516 
0.134957 0.865043 
0.103002 0.496998 0.4 
0.376 0.564 0.06 
0.574675 0.425325 
0.784673 0.215327 
0.103243 0.49269 0.404067 
0.378975 0.56147 0.059555 
0.574414 0.425586 
0.784884 0.215116 
1.0 
1.0 
1.0 
1.0 
0.116985 0.883015 
0.127058 0.872942 
0.142212 0.857788 
0.05 0.95 
0.05 0.95 
0.05 0.95 
0.05 0.95 
0.115987 0.884013 
0.11403 0.88597 
0.05 0.95 
0.05 0.95 
0.120721 0.879279 
0.13194 0.86806 
0.05 0.95 
0.05 0.95 
0.15998 0.84002 
0.158632 0.841368 
0.05 0.95 
1.0 
1.0 
1.0 
1.0 
1.0 
1.0 
1.0 
1.0 
1.0 
1.0 
0.05 0.95 
0.05 0.95 
1.0 
1.0 
0.05 0.95 
0.05 0.95 
1.0 
1.0 
1.0 
1.0 
1.0 
1.0 
1.0 
1.0 
1.0 
1.0 
1.0 
1.0 
1.0 
1.0 
1.0 
1.0 
1.0 
1.0 
1.0 
1.0 
1.0 
1.0 
1.0 
1.0 
1.0 
1.0 
1.0 
1.0 
1.0 
1.0 
1.0 
1.0 
1.0 
1.0 
1.0 
0.188426 0.811574 
0.45 0.55 
0.45 0.55 
0.9 0.1 
0.9 0.1 
0.9 0.1 
0.9 0.1 
0.9 0.1 
0.9 0.1 
0.9 0.1 
0.9 0.1 
0.9 0.1 
0.9 0.1 
0.9 0.1 
0.116897 0.883103 
0.127138 0.872862 
0.148237 0.851763 
0.05982 0.94018 
0.057664 0.942336 
0.05617 0.94383 
0.05 0.95 
0.118216 0.881784 
0.115363 0.884637 
0.049601 0.950399 
0.052274 0.947726 
0.125315 0.874685 
0.13876 0.861241 
0.055507 0.944493 
0.050654 0.949346 
0.16218 0.83782 
0.158913 0.841087 
0.05 0.95 
1.0 
1.0 
1.0 
1.0 
1.0 
1.0 
1.0 
1.0 
1.0 
1.0 
0.050857 0.949143 
0.050177 0.949823 
1.0 
1.0 
0.050189 0.949811 
0.050185 0.949815 
1.0 
1.0 
1.0 
1.0 
1.0 
1.0 
1.0 
1.0 
1.0 
1.0 
1.0 
1.0 
1.0 
1.0 
1.0 
1.0 
1.0 
1.0 
1.0 
1.0 
1.0 
1.0 
1.0 
1.0 
1.0 
1.0 
1.0 
1.0 
1.0 
1.0 
1.0 
1.0 
1.0 
1.0 
1.0 
0.867562 0.132438 
0.888292 0.111708 
0.900948 0.099052 
0.900455 0.099545 
0.883034 0.116966 
0.893557 0.106443 
0.892278 0.107722 
0.898486 0.101514 
0.900391 0.099609 
0.900367 0.099633 
0.90035 0.09965 
0.442121 0.557879 
0.889362 0.110638 
0.551741 0.388259 0.06 
0.153574 0.656426 0.19 
1.0 
1.0 
1.0 
1.0 
1.0 
1.0 
1.0 
1.0 
1.0 
1.0 
1.0 
1.0 
1.0 
1.0 
1.0 
1.0 
1.0 
1.0 
1.0 
1.0 
1.0 
1.0 
1.0 
1.0 
1.0 
1.0 
1.0 
1.0 
1.0 
1.0 
1.0 
1.0 
1.0 
1.0 
1.0 
1.0 
1.0 
1.0 
1.0 
1.0 
1.0 
1.0 
1.0 
1.0 
1.0 
1.0 
1.0 
1.0 
1.0 
1.0 
1.0 
1.0 
1.0 
1.0 
0.238456 0.761544 
1.0 
1.0 
1.0 
1.0 
1.0 
1.0 
1.0 
1.0 
1.0 
1.0 
1.0 
1.0 
0.238456 0.761544 
1.0 
1.0 
1.0 
1.0 
1.0 
1.0 
1.0 
1.0 
1.0 
1.0 
1.0 
1.0 
1.0 
1.0 
1.0 
1.0 
1.0 
1.0 
1.0 
0.077726 0.922274 
0.238456 0.761544 
1.0 
1.0 
1.0 
0.077726 0.922274 
0.238456 0.761544 
0.249355 0.750645 
0.532337 0.467663 
0.625446 0.374554 
0.520278 0.479722 
0.499266 0.500734 
1.0 
1.0 
1.0 
1.0 
1.0 
1.0 
1.0 
1.0 
1.0 
1.0 
1.0 
1.0 
1.0 
1.0 
1.0 
1.0 
1.0 
1.0 
1.0 
1.0 
1.0 
1.0 
1.0 
1.0 
1.0 
1.0 
1.0 
1.0 
1.0 
1.0 
1.0 
1.0 
1.0 
1.0 
1.0 
1.0 
1.0 
1.0 
1.0 
1.0 
1.0 
1.0 
1.0 
1.0 
1.0 
1.0 
1.0 
1.0 
1.0 
1.0 
1.0 
1.0 
1.0 
0.238818 0.761182 
1.0 
1.0 
1.0 
1.0 
1.0 
1.0 
1.0 
1.0 
1.0 
1.0 
1.0 
0.018981 0.981019 
0.228226 0.771774 
1.0 
1.0 
1.0 
1.0 
1.0 
1.0 
1.0 
1.0 
1.0 
1.0 
1.0 
1.0 
1.0 
1.0 
1.0 
1.0 
1.0 
1.0 
1.0 
1.0 
1.0 
1.0 
1.0 
1.0 
1.0 
1.0 
1.0 
1.0 
1.0 
1.0 
0.110084 0.889916 
0.238374 0.761626 
1.0 
1.0 
1.0 
1.0 
1.0 
1.0 
0.077679 0.922321 
0.082931 0.917069 
0.263797 0.736203 
0.238456 0.761544 
0.269437 0.730563 
0.491533 0.508467 
0.562543 0.437457 
0.501346 0.498654 
0.510832 0.489168 
0.447367 0.552633 
0.340033 0.475239 0.184728 
1.0 
1.0 
1.0 
1.0 
1.0 
1.0 
1.0 
1.0 
1.0 
1.0 
1.0 
1.0 
1.0 
1.0 
1.0 
1.0 
1.0 
1.0 
1.0 
1.0 
1.0 
1.0 
1.0 
1.0 
1.0 
1.0 
1.0 
1.0 
1.0 
1.0 
1.0 
1.0 
1.0 
1.0 
1.0 
1.0 
1.0 
1.0 
1.0 
1.0 
1.0 
1.0 
1.0 
1.0 
1.0 
1.0 
1.0 
1.0 
1.0 
1.0 
1.0 
1.0 
1.0 
1.0 
1.0 
1.0 
1.0 
1.0 
1.0 
1.0 
1.0 
1.0 
1.0 
1.0 
1.0 
1.0 
1.0 
1.0 
1.0 
1.0 
1.0 
1.0 
1.0 
1.0 
1.0 
1.0 
1.0 
1.0 
1.0 
1.0 
1.0 
1.0 
1.0 
1.0 
1.0 
1.0 
1.0 
1.0 
1.0 
1.0 
1.0 
1.0 
1.0 
1.0 
1.0 
1.0 
1.0 
1.0 
1.0 
1.0 
1.0 
1.0 
1.0 
1.0 
1.0 
1.0 
1.0 
0.515415 0.484585 
0.4595 0.5405 
0.460601 0.539399 
0.494403 0.505597 
0.55857 0.44143 
0.501838 0.498162 
0.417152 0.582848 
0.432333 0.567667 
0.425966 0.574034 
0.49073 0.50927 
0.561023 0.438977 
0.5649 0.4351 
0.634156 0.365844 
0.583541 0.416459 
0.632376 0.015834 0.351791 
0.561971 0.029383 0.408646 
0.599078 0.046887 0.354035 
0.657511 0.041028 0.301461 
0.666132 0.037841 0.296026 
0.638493 0.052223 0.309285 
0.692626 0.04848 0.258893 
0.69376 0.046023 0.260217 
0.718622 0.049921 0.231457 
0.687379 0.053718 0.258903 
0.703889 0.053138 0.242973 
0.738676 0.052142 0.209182 
0.730017 0.052298 0.217685 
0.747139 0.053237 0.199624 
0.719279 0.052889 0.227833 
0.748389 0.053215 0.198396 
0.787552 0.053287 0.159161 
0.773009 0.053393 0.173598 
0.817524 0.059492 0.122985 
0.783436 0.054495 0.162069 
0.83125 0.056451 0.112299 
0.850421 0.062272 0.087307 
0.857398 0.065819 0.076783 
0.853008 0.060781 0.086211 
0.881328 0.06676 0.051912 
0.876773 0.069003 0.054224 
0.901502 0.071875 0.026623 
0.925009 0.074991 
0.921705 0.078295 
0.921264 0.078736 
0.512818 0.487182 
0.457883 0.542117 
0.41555 0.58445 
0.427775 0.572225 
0.493958 0.506042 
0.58146 0.41854 
0.626731 0.016389 0.356879 
0.655538 0.04121 0.303251 
0.683779 0.047251 0.26897 
0.71241 0.050845 0.236745 
0.733346 0.053156 0.213498 
0.754514 0.05372 0.191767 
0.777012 0.053373 0.169616 
0.826462 0.060393 0.113145 
0.854839 0.06447 0.080691 
0.89871 0.070153 0.031137 
0.921461 0.078539 
0.498263 0.501737 
0.563723 0.436277 
0.512374 0.487626 
0.467715 0.532285 
0.486354 0.513646 
0.427901 0.572099 
0.431332 0.568668 
0.434984 0.565016 
0.518793 0.481207 
0.501371 0.498629 
0.546575 0.453425 
0.568127 0.032493 0.399379 
0.580732 0.047994 0.371274 
0.612508 0.051152 0.33634 
0.666792 0.053033 0.280175 
0.675284 0.052989 0.271727 
0.697211 0.052853 0.249936 
0.733251 0.052768 0.21398 
0.775994 0.053846 0.170161 
0.810614 0.055269 0.134117 
0.84816 0.054804 0.097036 
0.885403 0.060698 0.053899 
0.929733 0.070267 
0.876872 0.063802 0.059326 
0.884193 0.06736 0.048447 
0.497919 0.502081 
0.482699 0.5173 
0.640833 0.023922 0.335245 
0.718938 0.051486 0.229576 
0.760395 0.052601 0.187004 
0.821871 0.057691 0.120437 
0.858712 0.063713 0.077575 
0.500631 0.499369 
0.478182 0.521818 
0.459085 0.540915 
0.479881 0.520119 
0.540722 0.459278 
0.602565 0.397435 
0.617775 0.026866 0.355359 
0.629067 0.050627 0.320306 
0.655233 0.050007 0.29476 
0.699252 0.051837 0.248911 
0.712321 0.053045 0.234634 
0.735109 0.05335 0.211541 
0.772756 0.053078 0.174167 
0.812799 0.056086 0.131115 
0.841258 0.058918 0.099824 
0.867913 0.060047 0.072039 
0.886668 0.06552 0.047812 
0.924803 0.075197 
0.464031 0.535969 
0.532403 0.467597 
0.494687 0.505314 
0.544336 0.455664 
0.593166 0.406834 
0.474055 0.525945 
0.48471 0.51529 
0.882257 0.070607 0.047137 
0.884921 0.067453 0.047626 
0.8541 0.060986 0.084914 
0.859253 0.063813 0.076934 
0.827721 0.055511 0.116768 
0.848166 0.061771 0.090063 
0.745934 0.053244 0.200822 
0.795757 0.053444 0.150798 
0.6923 0.053041 0.254659 
0.751933 0.052154 0.195913 
0.675409 0.054542 0.270049 
0.722078 0.052323 0.225598 
0.593932 0.053316 0.352751 
0.685567 0.047887 0.266546 
0.527634 0.048254 0.424112 
0.645518 0.03663 0.317852 
0.548696 0.451304 
0.631048 0.368952 
0.530843 0.469157 
0.590573 0.409427 
0.470778 0.529222 
0.544541 0.455459 
0.486055 0.513945 
0.4725 0.5275 
0.61361 0.38639 
0.532618 0.467382 
0.492943 0.507057 
0.437456 0.562544 
0.486687 0.513313 
0.577316 0.422684 
0.886674 0.072014 0.041311 
0.864996 0.067542 0.067462 
0.855964 0.065501 0.078535 
0.778637 0.053413 0.167949 
0.728292 0.052827 0.218881 
0.723532 0.050003 0.226465 
0.698987 0.046566 0.254447 
0.667598 0.036852 0.29555 
0.608394 0.391606 
0.51633 0.48367 
0.42761 0.57239 
0.418255 0.581745 
0.518658 0.481342 
0.512247 0.487753 
0.526684 0.473316 
0.473175 0.526825 
0.466829 0.533171 
0.520582 0.479418 
0.480127 0.519873 
0.413994 0.586006 
0.430003 0.569997 
0.513671 0.486329 
0.608394 0.391606 
0.662231 0.037365 0.300404 
0.692615 0.046784 0.260601 
0.718655 0.05111 0.230235 
0.744604 0.05401 0.201386 
0.778637 0.053413 0.167949 
0.855964 0.065501 0.078535 
0.857418 0.064028 0.078555 
0.880042 0.069901 0.050057 
0.874613 0.068171 0.057215 
0.882588 0.063933 0.053479 
0.851253 0.060728 0.088019 
0.83422 0.056357 0.109423 
0.842377 0.059002 0.098621 
0.808257 0.055079 0.136665 
0.785069 0.052907 0.162024 
0.74782 0.052723 0.199457 
0.70941 0.053406 0.237184 
0.665792 0.052787 0.281421 
0.703174 0.052118 0.244708 
0.665907 0.053498 0.280595 
0.643979 0.050671 0.30535 
0.593098 0.050675 0.356228 
0.621816 0.052265 0.325919 
0.57601 0.047149 0.376841 
0.605513 0.394487 
0.530344 0.469656 
0.524883 0.475117 
0.498161 0.501839 
0.41475 0.58525 
0.428404 0.571596 
0.419296 0.580704 
0.463873 0.536127 
0.461624 0.538376 
0.4907 0.5093 
0.573656 0.426344 
0.54335 0.45665 
0.490848 0.509152 
0.456962 0.543038 
0.496065 0.503935 
0.508172 0.491828 
0.524773 0.447531 0.027697 
0.852268 0.147732 
1.0 
0.799461 0.200539 
0.419504 0.510881 0.069615 
0.347377 0.640817 0.011805 
0.698879 0.301121 
0.967375 0.032625 
0.654797 0.345203 
0.237031 0.638813 0.124157 
0.965615 0.034385 
0.901787 0.098213 
0.788047 0.211953 
0.560292 0.439708 
0.533948 0.466052 
0.431911 0.568089 
0.440715 0.559285 
0.531428 0.468572 
0.892336 0.107664 
0.787243 0.212757 
0.629502 0.370498 
0.550205 0.449795 
0.499666 0.500334 
0.408345 0.591655 
0.382442 0.617558 
0.440764 0.559236 
0.866154 0.133846 
0.960273 0.039727 
0.846774 0.153226 
0.941167 0.058833 
0.420175 0.579825 
0.597244 0.402756 
0.512429 0.487571 
0.681195 0.318805 
0.656492 0.343508 
0.840402 0.159598 
0.959804 0.040196 
0.845383 0.154617 
0.636436 0.363564 
0.338387 0.661613 
0.217034 0.782966 
0.322699 0.677301 
0.36024 0.63976 
0.383073 0.616927 
0.204171 0.694145 0.101684 
0.147509 0.760421 0.09207 
0.168635 0.757839 0.073526 
0.150977 0.777531 0.071492 
0.214583 0.747317 0.0381 
0.316119 0.667967 0.015914 
0.27721 0.694958 0.027832 
0.264783 0.706991 0.028226 
0.209212 0.761054 0.029733 
0.2457 0.720381 0.033919 
0.133783 0.727027 0.139191 
0.09152 0.748993 0.159487 
0.093463 0.718018 0.188519 
0.081835 0.724038 0.194127 
0.137178 0.687023 0.175799 
0.065335 0.558133 0.376531 
0.045288 0.561592 0.393119 
0.051301 0.567425 0.381274 
0.066038 0.584828 0.349133 
0.075526 0.572013 0.352461 
0.085605 0.625256 0.289139 
0.171813 0.683009 0.145178 
0.312301 0.650912 0.036787 
0.105967 0.569853 0.32418 
0.243571 0.526247 0.230182 
0.024327 0.26829 0.707383 
0.045803 0.305951 0.648246 
0.027616 0.357243 0.615141 
0.032362 0.445929 0.521709 
0.031534 0.439246 0.52922 
0.041101 0.459617 0.499282 
0.031272 0.437012 0.531716 
0.027108 0.500766 0.472126 
0.013505 0.17608 0.810414 
0.218426 0.781574 
0.283113 0.716887 
0.240951 0.759049 
0.208823 0.791177 
0.194354 0.805646 
0.125196 0.874804 
0.106361 0.893639 
0.308452 0.691548 
0.082387 0.917613 
0.101677 0.898323 
0.021065 0.978935 
1.0 
1.0 
0.088064 0.911936 
0.026257 0.973743 
1.0 
1.0 
0.082501 0.917499 
0.014795 0.985205 
1.0 
1.0 
0.23114 0.491793 0.277068 
0.189203 0.810797 
0.222668 0.473285 0.304046 
0.34579 0.483744 0.170466 
0.35708 0.416028 0.226893 
0.195657 0.448534 0.35581 
0.145926 0.223081 0.630992 
0.318451 0.473416 0.208134 
0.392845 0.406477 0.200679 
0.177838 0.432763 0.389398 
0.051228 0.197163 0.751609 
0.359552 0.439029 0.201419 
0.109891 0.53284 0.357269 
0.019479 0.157149 0.823373 
0.011911 0.988089 
0.021744 0.978256 
1.0 
1.0 
1.0 
1.0 
1.0 
0.01421 0.98579 
0.048986 0.951014 
0.057153 0.942847 
0.051263 0.948737 
0.058761 0.941239 
0.02902 0.97098 
0.014335 0.985665 
0.016614 0.983386 
0.019845 0.980155 
0.035425 0.964575 
0.097718 0.902282 
0.08887 0.91113 
0.044108 0.955892 
0.012131 0.987869 
0.013809 0.986191 
0.01524 0.98476 
1.0 
1.0 
1.0 
1.0 
1.0 
1.0 
1.0 
1.0 
1.0 
1.0 
1.0 
1.0 
1.0 
1.0 
1.0 
1.0 
1.0 
1.0 
1.0 
1.0 
1.0 
1.0 
1.0 
1.0 
1.0 
1.0 
1.0 
0.093456 0.906544 
0.024001 0.975999 
1.0 
1.0 
1.0 
1.0 
1.0 
1.0 
1.0 
1.0 
0.203697 0.579071 0.217232 
0.319702 0.593152 0.087146 
0.434057 0.548437 0.017506 
0.552879 0.447121 
0.758657 0.241343 
0.669205 0.330795 
0.606578 0.37891 0.014512 
0.505929 0.40502 0.089051 
0.772157 0.21216 0.015682 
0.851839 0.148161 
0.693917 0.231743 0.07434 
0.650422 0.248904 0.100674 
0.629996 0.232545 0.137459 
0.598926 0.265406 0.135668 
0.572784 0.290456 0.13676 
0.511528 0.320251 0.168221 
1.0 
1.0 
1.0 
1.0 
1.0 
1.0 
1.0 
1.0 
1.0 
1.0 
1.0 
1.0 
1.0 
1.0 
1.0 
1.0 
1.0 
1.0 
1.0 
1.0 
1.0 
1.0 
1.0 
1.0 
1.0 
1.0 
1.0 
1.0 
1.0 
1.0 
1.0 
1.0 
1.0 
1.0 
1.0 
1.0 
1.0 
1.0 
0.853611 0.146389 
0.853611 0.146389 
0.861474 0.138526 
0.854876 0.145124 
0.9 0.1 
0.9 0.1 
0.9 0.1 
0.9 0.1 
0.9 0.1 
0.855828 0.144172 
0.919504 0.080496 
0.918916 0.081084 
0.913233 0.086767 
0.877234 0.122766 
0.65 0.35 
0.65 0.35 
0.65 0.35 
0.65 0.35 
0.65 0.35 
0.65 0.35 
0.65 0.35 
0.65 0.35 
0.65 0.35 
0.65 0.35 
0.65 0.35 
0.65 0.35 
0.65 0.35 
0.65 0.35 
0.65 0.35 
0.65 0.35 
0.65 0.35 
0.65 0.35 
0.65 0.35 
0.65 0.35 
0.65 0.35 
0.65 0.35 
0.65 0.35 
0.65 0.35 
0.65 0.35 
0.65 0.35 
0.65 0.35 
0.65 0.35 
0.499378 0.500622 
0.504196 0.495804 
0.722321 0.277679 
0.792475 0.207525 
1.0 
0.113879 0.886121 
0.896374 0.103626 
0.977683 0.022317 
1.0 
1.0 
0.797655 0.202345 
0.915787 0.084213 
0.981141 0.018859 
0.64996 0.35004 
0.933236 0.066764 
1.0 
0.799107 0.200893 
0.92619 0.07381 
1.0 
1.0 
0.114644 0.885356 
0.50637 0.49363 
0.637796 0.362204 
0.661178 0.338822 
0.690441 0.309559 
0.887077 0.112923 
0.972027 0.027973 
1.0 
1.0 
0.118845 0.881155 
0.780827 0.219173 
0.907456 0.092544 
0.985978 0.014022 
0.835598 0.164402 
0.97023 0.02977 
1.0 
1.0 
0.902865 0.097135 
1.0 
1.0 
0.915663 0.084337 
0.759075 0.240925 
0.644892 0.310287 0.044821 
0.855608 0.144392 
0.86833 0.13167 
0.83872 0.16128 
0.918536 0.081464 
0.980949 0.019051 
1.0 
1.0 
0.95 0.05 
0.949806 0.050194 
0.941787 0.058213 
1.0 
1.0 
1.0 
0.08 0.92 
0.08 0.92 
0.08 0.92 
0.101875 0.898125 
0.083936 0.916064 
0.109783 0.890217 
0.415 0.585 
0.375 0.625 
0.335 0.665 
0.295 0.705 
0.295 0.705 
0.88081 0.11919 
0.95 0.05 
0.136361 0.863639 
0.435 0.565 
0.435 0.565 
0.132334 0.867666 
0.95 0.05 
0.937905 0.062095 
0.919122 0.080879 
0.95 0.05 
0.12129 0.878711 
0.385 0.615 
0.335 0.665 
0.119367 0.880633 
0.96671 0.03329 
0.935597 0.064403 
0.954123 0.045877 
1.0 
0.107886 0.892114 
0.335 0.665 
0.831938 0.168062 
0.962256 0.037744 
1.0 
0.078517 0.921483 
0.335 0.665 
0.078844 0.921156 
1.0 
0.986456 0.013544 
0.980782 0.019218 
1.0 
0.090005 0.909995 
0.335 0.665 
0.335 0.665 
0.362825 0.637175 
0.6 0.4 
0.6 0.4 
0.6 0.4 
0.6 0.4 
0.6 0.4 
0.6 0.4 
0.6 0.4 
0.6 0.4 
0.6 0.4 
0.6 0.4 
0.6 0.4 
0.74961 0.25039 
0.74961 0.25039 
0.74961 0.25039 
0.74961 0.25039 
0.74961 0.25039 
0.74961 0.25039 
0.74961 0.25039 
0.9 0.1 
0.9 0.1 
0.9 0.1 
1.0 
1.0 
1.0 
0.938207 0.061793 
0.779304 0.220696 
0.640306 0.331884 0.027811 
0.986355 0.013645 
0.919441 0.080559 
0.77492 0.198108 0.026972 
0.916227 0.083773 
1.0 
0.095391 0.690102 0.214506 
0.084473 0.681932 0.233595 
0.07086 0.707512 0.221628 
0.060662 0.747834 0.191504 
0.116124 0.673921 0.209956 
0.216092 0.629376 0.154532 
0.381033 0.535093 0.083874 
0.51875 0.408321 0.072929 
0.741488 0.258512 
0.697051 0.302949 
0.615247 0.384753 
1.0 
1.0 
1.0 
1.0 
0.752638 0.247362 
0.898564 0.101436 
1.0 
1.0 
0.87399 0.12601 
0.988041 0.011959 
0.934358 0.065642 
1.0 
0.672358 0.327642 
0.915252 0.084748 
1.0 
1.0 
1.0 
1.0 
0.513549 0.486451 
0.483226 0.516774 
0.471836 0.528164 
0.436127 0.563873 
0.548324 0.451676 
0.532612 0.036849 0.430539 
0.561846 0.050866 0.387287 
0.606638 0.393362 
0.653372 0.346628 
0.63949 0.36051 
0.616931 0.383069 
0.66153 0.33847 
0.436588 0.563412 
0.316948 0.613017 0.070035 
0.162594 0.686156 0.151251 
0.443297 0.556703 
0.27115 0.72885 
0.173673 0.722587 0.10374 
0.104533 0.655962 0.239505 
1.0 
0.459799 0.44714 0.093062 
0.546591 0.442721 0.010688 
0.635521 0.364479 
0.669919 0.330081 
0.678417 0.321583 
0.750178 0.213473 0.036349 
0.888584 0.111416 
1.0 
1.0 
0.880293 0.119707 
0.910654 0.089346 
1.0 
1.0 
0.952912 0.047088 
1.0 
1.0 
1.0 
1.0 
1.0 
1.0 
1.0 
0.957618 0.042382 
0.94 0.06 
0.667281 0.232045 0.100674 
0.82748 0.135336 0.037184 
0.799332 0.200668 
0.688349 0.28658 0.025071 
0.600385 0.399615 
0.748407 0.251594 
0.893728 0.106272 
1.0 
1.0 
1.0 
0.679226 0.320774 
0.723738 0.276262 
0.195851 0.804149 
0.192249 0.807751 
0.190947 0.809053 
0.172341 0.827659 
0.35 0.65 
0.35 0.65 
0.35 0.65 
0.884951 0.115049 
0.794603 0.205397 
0.832833 0.167167 
0.825361 0.174639 
1.0 
1.0 
1.0 
0.87222 0.12778 
1.0 
1.0 
1.0 
1.0 
0.535124 0.334602 0.130274 
0.239827 0.506429 0.253743 
0.08301 0.538304 0.378686 
0.494123 0.505877 
0.042537 0.413283 0.544179 
0.034851 0.438784 0.526366 
0.029872 0.438667 0.531461 
0.034634 0.452556 0.512811 
0.069448 0.494191 0.436361 
0.14252 0.651127 0.206353 
0.819567 0.147166 0.033267 
0.647281 0.252045 0.100674 
0.16 0.84 
0.16 0.84 
0.310228 0.689772 
0.5 0.5 
0.5 0.5 
0.5 0.5 
0.15046 0.84954 
0.120325 0.879675 
0.35 0.65 
1.0 
0.148676 0.851324 
1.0 
1.0 
1.0 
1.0 
0.08 0.92 
0.295 0.705 
0.6 0.4 
0.6 0.4 
0.712197 0.287803 
0.74961 0.25039 
0.9 0.1 
0.9 0.1 
0.74961 0.25039 
0.74961 0.25039 
0.9 0.1 
0.9 0.1 
1.0 
1.0 
1.0 
0.6 0.4 
0.295 0.705 
1.0 
1.0 
1.0 
1.0 
1.0 
1.0 
1.0 
1.0 
1.0 
1.0 
1.0 
1.0 
1.0 
1.0 
1.0 
1.0 
1.0 
1.0 
1.0 
1.0 
1.0 
1.0 
1.0 
1.0 
1.0 
1.0 
1.0 
1.0 
1.0 
1.0 
1.0 
1.0 
1.0 
1.0 
1.0 
1.0 
1.0 
1.0 
1.0 
1.0 
1.0 
1.0 
1.0 
1.0 
1.0 
1.0 
1.0 
1.0 
1.0 
1.0 
1.0 
1.0 
1.0 
1.0 
1.0 
1.0 
1.0 
1.0 
1.0 
1.0 
1.0 
1.0 
1.0 
1.0 
1.0 
1.0 
1.0 
1.0 
1.0 
1.0 
1.0 
1.0 
