0.998973 -0.029929 -0.034013 0.208787 0.031494 0.998425 0.046428 88.14119 0.03257 -0.047452 0.998342 0.032804 0.0 0.0 0.0 1.0 
0.988183 -0.149054 0.035736 1.7e-05 0.136198 0.746916 -0.65082 9.635217 0.070315 0.647996 0.758391 -0.0 0.0 0.0 0.0 1.0 
-0.987373 0.155405 0.030725 10.932856 -0.073634 -0.621966 0.779575 -7.228072 0.14026 0.767469 0.625555 -0.32185 0.0 0.0 0.0 1.0 
-0.956379 -0.281966 -0.076381 -10.932805 0.152376 -0.704577 0.693075 -7.227932 -0.24924 0.651204 0.716807 -0.321849 0.0 0.0 0.0 1.0 
0.999098 -0.037454 -0.020009 0.0 0.034594 0.991179 -0.127936 9.766476 0.024624 0.127129 0.991581 -0.0 0.0 0.0 0.0 1.0 
0.994766 0.008713 -0.101808 0.0 0.102015 -0.141403 0.984682 42.863998 -0.005816 -0.989914 -0.141551 -0.0 0.0 0.0 0.0 1.0 
0.996849 0.041556 -0.067561 0.0 0.061427 0.13441 0.98902 42.864178 0.050181 -0.990054 0.131434 0.0 0.0 0.0 0.0 1.0 
0.999249 -0.034267 -0.018063 0.0 0.031663 0.991176 -0.128717 9.815218 0.022314 0.128049 0.991517 0.0 0.0 0.0 0.0 1.0 
0.980002 -0.187532 0.066547 1e-06 0.142733 0.429447 -0.891741 49.118999 0.138652 0.883406 0.447626 0.0 0.0 0.0 0.0 1.0 
0.987385 0.103021 0.120238 -0.0 0.115136 0.054143 -0.991873 49.118935 -0.108694 0.993204 0.041599 0.0 0.0 0.0 0.0 1.0 
0.998135 0.035698 0.049528 5.5e-05 -0.04052 0.994157 0.100049 31.180176 -0.045667 -0.101869 0.993749 -6.470507 0.0 0.0 0.0 1.0 
-0.016953 0.978597 -0.205089 8.163674 0.030789 -0.20451 -0.97838 27.405828 -0.999382 -0.022901 -0.026663 -9.892452 0.0 0.0 0.0 1.0 
-0.027368 -0.983918 0.17651 -8.16367 -0.017292 -0.176084 -0.984223 27.406158 0.999476 -0.029989 -0.012195 -9.892454 0.0 0.0 0.0 1.0 
0.966955 -0.030297 -0.25314 -0.0 -0.163885 0.686723 -0.708205 19.299999 0.195293 0.726288 0.659065 -0.0 0.0 0.0 0.0 1.0 
0.996539 0.010146 0.082511 0.0 0.047573 0.744343 -0.666101 19.299999 -0.068175 0.66772 0.741284 -0.0 0.0 0.0 0.0 1.0 
0.950375 0.087937 0.29842 2.8e-05 -0.248543 0.791544 0.558287 15.371842 -0.187118 -0.604752 0.77412 -0.0 0.0 0.0 0.0 1.0 
0.859264 -0.511529 0.001834 -0.0 0.459324 0.769982 -0.442887 15.851523 0.225137 0.3814 0.896575 0.0 0.0 0.0 0.0 1.0 
0.429357 0.83044 0.354996 -0.0 -0.421022 0.531792 -0.734805 15.851566 -0.798995 0.166032 0.577962 -0.0 0.0 0.0 0.0 1.0 
1.0 -0.0 -0.0 -0.0 0.0 1.0 0.0 8.849962 -0.0 -0.0 1.0 -0.0 0.0 0.0 0.0 1.0 
1.0 0.0 -0.0 0.0 0.0 1.0 -0.0 8.85 0.0 0.0 1.0 0.0 0.0 0.0 0.0 1.0 
1.0 0.0 -0.0 3.3e-05 -0.0 1.0 0.0 18.538877 -0.0 0.0 1.0 -6.012993 0.0 0.0 0.0 1.0 
0.872307 -0.488959 0.0 0.0 0.488959 0.872307 1e-06 32.883736 -0.0 -1e-06 1.0 -0.0 0.0 0.0 0.0 1.0 
0.858125 0.51344 -0.0 -0.0 -0.51344 0.858125 -0.0 32.883701 0.0 0.0 1.0 0.0 0.0 0.0 0.0 1.0 
0.564055 -0.18813 -0.804021 0.0 0.179833 0.978316 -0.102752 30.158199 0.805917 -0.086632 0.585656 0.0 0.0 0.0 0.0 1.0 
0.729357 0.314794 0.607407 0.0 -0.219126 0.948567 -0.228484 30.158199 -0.648092 0.033547 0.760823 0.0 0.0 0.0 0.0 1.0 
0.724803 -0.671281 0.155055 -4.918414 0.68738 0.689376 -0.228625 5.220705 0.046581 0.27229 0.961087 2.164088 0.0 0.0 0.0 1.0 
0.999912 -0.013236 -0.000728 -3.264513 0.013236 0.99388 0.10967 13.490636 -0.000728 -0.10967 0.993968 0.379619 0.0 0.0 0.0 1.0 
0.999897 -0.014338 -0.000855 -8e-06 0.014338 0.992814 0.118805 13.592451 -0.000855 -0.118805 0.992917 1e-05 0.0 0.0 0.0 1.0 
0.999218 -0.039009 -0.006481 3.073179 0.039009 0.945515 0.323232 12.93684 -0.006481 -0.323232 0.946297 0.03979 0.0 0.0 0.0 1.0 
0.999473 0.031794 -0.006513 5.659078 -0.027836 0.942994 0.331644 11.531672 0.016686 -0.331288 0.943382 0.354434 0.0 0.0 0.0 1.0 
0.675916 0.583547 -0.450124 4.918413 -0.699245 0.700724 -0.141574 5.220706 0.232798 0.410439 0.881672 2.164 0.0 0.0 0.0 1.0 
0.999262 0.037939 0.006054 3.264512 -0.037939 0.949613 0.311119 13.491004 0.006054 -0.311119 0.950352 0.38 0.0 0.0 0.0 1.0 
0.999085 0.04211 0.007505 2e-06 -0.04211 0.937541 0.345317 13.592 0.007505 -0.345317 0.938456 0.0 0.0 0.0 0.0 1.0 
0.999085 0.04211 0.007505 -3.073227 -0.04211 0.937541 0.345317 12.936896 0.007505 -0.345317 0.938456 0.04 0.0 0.0 0.0 1.0 
0.999085 0.042109 0.007505 -5.659125 -0.042109 0.937541 0.345317 11.531693 0.007505 -0.345317 0.938456 0.354 0.0 0.0 0.0 1.0 
0.865524 0.497024 0.061932 0.0 -0.494458 0.867609 -0.052593 2.420229 -0.079873 0.014898 0.996694 0.0 0.0 0.0 0.0 1.0 
0.996074 0.08233 -0.032531 0.0 -0.08233 0.726521 -0.682194 2.599226 -0.032531 0.682194 0.730447 -0.0 0.0 0.0 0.0 1.0 
0.997786 0.063928 -0.018347 0.0 -0.063928 0.845764 -0.529713 2.64858 -0.018347 0.529713 0.847978 0.0 0.0 0.0 0.0 1.0 
0.997788 0.0639 -0.018329 0.0 -0.0639 0.845914 -0.529477 2.705526 -0.018329 0.529477 0.848126 -0.0 0.0 0.0 0.0 1.0 
0.999803 0.0041 0.019419 0.0 0.00697 0.84357 -0.536974 2.643086 -0.018583 0.537003 0.843376 -0.0 0.0 0.0 0.0 1.0 
0.90195 -0.431833 0.002447 0.0 0.42902 0.896693 0.109015 2.420081 -0.049271 -0.097276 0.994037 -0.0 0.0 0.0 0.0 1.0 
0.99965 -0.026288 0.002868 0.0 0.026288 0.976133 -0.215579 2.599 0.002868 0.215579 0.976482 -0.0 0.0 0.0 0.0 1.0 
0.998049 -0.060355 0.016001 0.0 0.060355 0.866829 -0.494939 2.649 0.016001 0.494939 0.868781 0.0 0.0 0.0 0.0 1.0 
0.998049 -0.060355 0.016001 0.0 0.060355 0.866829 -0.494939 2.7051 0.016001 0.494939 0.868781 -0.0 0.0 0.0 0.0 1.0 
0.998049 -0.060355 0.016002 0.0 0.060355 0.866829 -0.494939 2.6433 0.016001 0.494939 0.868781 0.0 0.0 0.0 0.0 1.0 
0.97645 0.211728 0.041427 0.0 -0.212946 0.976676 0.027533 2.706026 -0.034631 -0.035706 0.998762 -0.0 0.0 0.0 0.0 1.0 
0.999436 0.033257 -0.004674 0.0 -0.033257 0.960707 -0.275566 2.436171 -0.004674 0.275566 0.961271 0.0 0.0 0.0 0.0 1.0 
0.999436 0.033257 -0.004674 0.0 -0.033257 0.960707 -0.275567 3.529425 -0.004674 0.275567 0.961271 -0.0 0.0 0.0 0.0 1.0 
0.999436 0.033257 -0.004674 0.0 -0.033257 0.960707 -0.275567 2.078025 -0.004674 0.275567 0.961271 -0.0 0.0 0.0 0.0 1.0 
0.999436 0.033257 -0.004674 0.0 -0.033257 0.960707 -0.275566 2.080805 -0.004674 0.275566 0.961271 0.0 0.0 0.0 0.0 1.0 
0.990221 -0.139357 0.006475 0.0 0.137806 0.984312 0.110176 2.706412 -0.021727 -0.108206 0.993891 -0.0 0.0 0.0 0.0 1.0 
0.999504 -0.031235 0.004069 -0.0 0.031234 0.966134 -0.256144 2.436 0.004069 0.256144 0.96663 0.0 0.0 0.0 0.0 1.0 
0.999504 -0.031235 0.004069 0.0 0.031235 0.966134 -0.256144 3.529 0.004069 0.256144 0.96663 -0.0 0.0 0.0 0.0 1.0 
0.999504 -0.031235 0.004069 0.0 0.031235 0.966134 -0.256144 2.078 0.004069 0.256144 0.96663 -0.0 0.0 0.0 0.0 1.0 
0.999504 -0.031234 0.004069 0.0 0.031234 0.966134 -0.256144 2.081 0.004069 0.256144 0.96663 0.0 0.0 0.0 0.0 1.0 
1.0 0.0 0.0 0.0 -0.0 1.0 0.0 3.239062 -0.0 0.0 1.0 -0.0 0.0 0.0 0.0 1.0 
1.0 0.0 0.0 0.0 -0.0 1.0 -0.0 3.129888 -0.0 -0.0 1.0 -0.0 0.0 0.0 0.0 1.0 
1.0 -0.0 -0.0 0.0 0.0 1.0 0.0 2.576332 -0.0 -0.0 1.0 0.0 0.0 0.0 0.0 1.0 
1.0 -0.0 0.0 0.0 0.0 1.0 0.0 3.107902 -0.0 0.0 1.0 -0.0 0.0 0.0 0.0 1.0 
1.0 0.0 0.0 -0.0 -0.0 1.0 -0.0 1.72685 -0.0 -0.0 1.0 -0.0 0.0 0.0 0.0 1.0 
1.0 -0.0 0.0 0.0 0.0 1.0 -0.0 3.238831 -0.0 0.0 1.0 -0.0 0.0 0.0 0.0 1.0 
1.0 -0.0 -0.0 0.0 0.0 1.0 0.0 3.13 0.0 -0.0 1.0 0.0 0.0 0.0 0.0 1.0 
1.0 0.0 -0.0 0.0 0.0 1.0 -0.0 2.577 -0.0 0.0 1.0 0.0 0.0 0.0 0.0 1.0 
1.0 0.0 0.0 0.0 0.0 1.0 0.0 3.108 -0.0 -0.0 1.0 0.0 0.0 0.0 0.0 1.0 
1.0 -0.0 0.0 0.0 -0.0 1.0 0.0 1.726 0.0 -0.0 1.0 -0.0 0.0 0.0 0.0 1.0 
