1.000000 -0.000000 0.000000 0.000009 0.000000 1.000000 -0.000000 -110.264931 -0.000000 -0.000000 1.000000 -0.206954 0.000000 0.000000 0.000000 1.000000 
1.000000 -0.000002 -0.000000 0.000189 0.000002 1.000000 -0.000000 -119.900147 0.000000 0.000000 1.000000 -0.206957 0.000000 0.000000 0.000000 1.000000 
1.000000 -0.000002 -0.000000 0.000189 0.000002 1.000000 -0.000000 -129.666623 0.000000 0.000000 1.000000 -0.206957 0.000000 0.000000 0.000000 1.000000 
1.000000 0.000000 0.000000 -0.000060 -0.000000 1.000000 0.000000 -139.481841 0.000000 -0.000000 1.000000 -0.206954 0.000000 0.000000 0.000000 1.000000 
1.000000 0.000000 0.000000 -0.000114 -0.000000 1.000000 0.000000 -170.662017 0.000000 -0.000000 1.000000 6.263553 0.000000 0.000000 0.000000 1.000000 
1.000000 0.000000 0.000000 -0.000142 -0.000000 1.000000 0.000000 -186.033859 0.000000 -0.000000 1.000000 6.263553 0.000000 0.000000 0.000000 1.000000 
1.000000 0.000000 0.000000 -0.000174 -0.000000 1.000000 0.000000 -204.572736 0.000000 -0.000000 1.000000 12.276547 0.000000 0.000000 0.000000 1.000000 
-0.013471 0.000000 -0.999909 -9.574652 0.998546 -0.052207 -0.013452 0.430607 -0.052203 -0.998636 0.000703 167.093060 0.000000 0.000000 0.000000 1.000000 
0.000000 -0.000000 -1.000000 -9.898748 1.000000 -0.000003 0.000000 -23.991698 -0.000003 -1.000000 -0.000000 166.060177 0.000000 0.000000 0.000000 1.000000 
0.017454 -0.000000 -0.999848 -10.889903 0.999848 -0.000001 0.017454 -56.694393 -0.000001 -1.000000 0.000000 166.060044 0.000000 0.000000 0.000000 1.000000 
0.017454 -0.000000 -0.999848 -10.889903 0.999848 -0.000001 0.017454 -86.852592 -0.000001 -1.000000 0.000000 166.060044 0.000000 0.000000 0.000000 1.000000 
0.524852 0.023266 -0.850875 -55.898361 0.766663 -0.447218 0.460678 4.648929 -0.369808 -0.894122 -0.252561 179.523803 0.000000 0.000000 0.000000 1.000000 
0.524835 0.023276 -0.850886 -55.898387 0.766677 -0.447211 0.460661 2.226270 -0.369803 -0.894125 -0.252557 179.523825 0.000000 0.000000 0.000000 1.000000 
0.524833 0.023277 -0.850887 -55.898386 0.766679 -0.447210 0.460659 -0.480242 -0.369802 -0.894126 -0.252557 179.523825 0.000000 0.000000 0.000000 1.000000 
0.524833 0.023277 -0.850887 -55.898390 0.766679 -0.447210 0.460659 -3.719304 -0.369802 -0.894126 -0.252557 179.523823 0.000000 0.000000 0.000000 1.000000 
0.017454 -0.000000 -0.999848 -7.625428 0.999848 -0.000001 0.017454 -100.343251 -0.000001 -1.000000 0.000000 165.680409 0.000000 0.000000 0.000000 1.000000 
0.017454 -0.000000 -0.999848 -7.625437 0.999848 -0.000001 0.017454 -102.942443 -0.000001 -1.000000 -0.000000 165.680430 0.000000 0.000000 0.000000 1.000000 
0.017463 -0.000000 -0.999848 -7.626385 0.999848 -0.000016 0.017463 -105.376005 -0.000016 -1.000000 -0.000000 165.682046 0.000000 0.000000 0.000000 1.000000 
0.017463 -0.000000 -0.999848 -7.626385 0.999848 -0.000016 0.017463 -108.505893 -0.000016 -1.000000 -0.000000 165.682046 0.000000 0.000000 0.000000 1.000000 
0.017454 -0.000000 -0.999848 -10.889920 0.999848 -0.000001 0.017454 -100.444960 -0.000001 -1.000000 -0.000000 166.060083 0.000000 0.000000 0.000000 1.000000 
0.017454 -0.000000 -0.999848 -10.889982 0.999848 -0.000002 0.017454 -103.093456 -0.000002 -1.000000 -0.000000 166.060132 0.000000 0.000000 0.000000 1.000000 
0.017466 -0.000000 -0.999847 -10.891257 0.999847 0.000002 0.017466 -106.623363 0.000002 -1.000000 0.000000 166.059738 0.000000 0.000000 0.000000 1.000000 
0.017466 -0.000000 -0.999847 -10.891257 0.999847 0.000002 0.017466 -109.199696 0.000002 -1.000000 0.000000 166.059738 0.000000 0.000000 0.000000 1.000000 
0.017455 -0.000000 -0.999848 -13.963215 0.999848 -0.000002 0.017455 -99.789255 -0.000002 -1.000000 -0.000000 166.020349 0.000000 0.000000 0.000000 1.000000 
0.017454 -0.000000 -0.999848 -13.963167 0.999848 -0.000002 0.017454 -102.494749 -0.000002 -1.000000 -0.000000 166.020373 0.000000 0.000000 0.000000 1.000000 
0.017455 -0.000000 -0.999848 -13.963205 0.999848 -0.000001 0.017455 -104.572879 -0.000001 -1.000000 -0.000000 166.020304 0.000000 0.000000 0.000000 1.000000 
0.017455 -0.000000 -0.999848 -13.963205 0.999848 -0.000001 0.017455 -107.680780 -0.000001 -1.000000 -0.000000 166.020304 0.000000 0.000000 0.000000 1.000000 
0.017455 -0.000000 -0.999848 -16.549083 0.999848 -0.000001 0.017455 -98.384211 -0.000001 -1.000000 -0.000000 165.705632 0.000000 0.000000 0.000000 1.000000 
0.017455 -0.000000 -0.999848 -16.549114 0.999848 -0.000002 0.017455 -101.027172 -0.000002 -1.000000 -0.000000 165.705705 0.000000 0.000000 0.000000 1.000000 
0.017455 -0.000000 -0.999848 -16.549114 0.999848 -0.000001 0.017455 -103.108084 -0.000001 -1.000000 -0.000000 165.705639 0.000000 0.000000 0.000000 1.000000 
0.017455 -0.000000 -0.999848 -16.549114 0.999848 -0.000001 0.017455 -104.834934 -0.000001 -1.000000 -0.000000 165.705639 0.000000 0.000000 0.000000 1.000000 
-0.013471 -0.000000 0.999909 9.574652 -0.998544 -0.052235 -0.013452 0.435308 0.052230 -0.998635 0.000704 167.093371 0.000000 0.000000 0.000000 1.000000 
0.000000 -0.000000 1.000000 9.898747 -1.000000 0.000000 0.000000 -23.992097 -0.000000 -1.000000 0.000000 166.060000 0.000000 0.000000 0.000000 1.000000 
0.017454 -0.000000 0.999848 10.889917 -0.999848 0.000000 0.017454 -56.694366 -0.000000 -1.000000 -0.000000 166.060000 0.000000 0.000000 0.000000 1.000000 
0.017454 -0.000000 0.999848 10.889917 -0.999848 0.000000 0.017454 -86.852566 -0.000000 -1.000000 -0.000000 166.060000 0.000000 0.000000 0.000000 1.000000 
0.522603 -0.017871 0.852389 54.813416 -0.766720 -0.447092 0.460705 4.623422 0.372863 -0.894309 -0.247354 179.858719 0.000000 0.000000 0.000000 1.000000 
0.522597 -0.017875 0.852392 54.813422 -0.766572 -0.447456 0.460598 2.276040 0.373175 -0.894127 -0.247541 179.857811 0.000000 0.000000 0.000000 1.000000 
0.522585 -0.017882 0.852399 54.813393 -0.766739 -0.447075 0.460690 -0.507767 0.372849 -0.894318 -0.247345 179.857618 0.000000 0.000000 0.000000 1.000000 
0.522585 -0.017882 0.852399 54.813393 -0.766739 -0.447075 0.460690 -3.746598 0.372849 -0.894318 -0.247345 179.857618 0.000000 0.000000 0.000000 1.000000 
0.017452 -0.000000 0.999848 7.625272 -0.999848 0.000000 0.017452 -100.343581 -0.000000 -1.000000 -0.000000 165.680000 0.000000 0.000000 0.000000 1.000000 
0.017452 -0.000000 0.999848 7.625272 -0.999848 0.000000 0.017452 -102.942581 -0.000000 -1.000000 -0.000000 165.680000 0.000000 0.000000 0.000000 1.000000 
0.017465 -0.000000 0.999847 7.626619 -0.999847 0.000000 0.017465 -105.378483 -0.000000 -1.000000 -0.000000 165.680000 0.000000 0.000000 0.000000 1.000000 
0.017465 -0.000000 0.999847 7.626619 -0.999847 0.000000 0.017465 -108.508483 -0.000000 -1.000000 -0.000000 165.680000 0.000000 0.000000 0.000000 1.000000 
0.017456 -0.000000 0.999848 10.890161 -0.999848 0.000000 0.017456 -100.444540 -0.000000 -1.000000 -0.000000 166.060000 0.000000 0.000000 0.000000 1.000000 
0.017452 -0.000000 0.999848 10.889772 -0.999848 0.000000 0.017452 -103.093581 -0.000000 -1.000000 -0.000000 166.060000 0.000000 0.000000 0.000000 1.000000 
0.017468 -0.000000 0.999847 10.891427 -0.999847 0.000000 0.017468 -106.622412 -0.000000 -1.000000 -0.000000 166.060000 0.000000 0.000000 0.000000 1.000000 
0.017468 -0.000000 0.999847 10.891427 -0.999847 0.000000 0.017468 -109.199412 -0.000000 -1.000000 -0.000000 166.060000 0.000000 0.000000 0.000000 1.000000 
0.017489 -0.000000 0.999847 13.966701 -0.999847 0.000000 0.017489 -99.788965 -0.000000 -1.000000 -0.000000 166.020000 0.000000 0.000000 0.000000 1.000000 
0.017452 -0.000000 0.999848 13.962912 -0.999848 0.000000 0.017452 -102.494581 -0.000000 -1.000000 -0.000000 166.020000 0.000000 0.000000 0.000000 1.000000 
0.017452 -0.000000 0.999848 13.962912 -0.999848 0.000000 0.017452 -104.572581 -0.000000 -1.000000 -0.000000 166.020000 0.000000 0.000000 0.000000 1.000000 
0.017452 -0.000000 0.999848 13.962912 -0.999848 0.000000 0.017452 -107.680581 -0.000000 -1.000000 -0.000000 166.020000 0.000000 0.000000 0.000000 1.000000 
0.017452 -0.000000 0.999848 16.548912 -0.999848 0.000000 0.017452 -98.384281 -0.000000 -1.000000 -0.000000 165.706000 0.000000 0.000000 0.000000 1.000000 
0.017500 -0.000000 0.999847 16.553767 -0.999847 0.000000 0.017500 -101.026786 -0.000000 -1.000000 -0.000000 165.706000 0.000000 0.000000 0.000000 1.000000 
0.017452 -0.000000 0.999848 16.548812 -0.999848 0.000000 0.017452 -103.108581 -0.000000 -1.000000 -0.000000 165.706000 0.000000 0.000000 0.000000 1.000000 
0.017452 -0.000000 0.999848 16.548812 -0.999848 0.000000 0.017452 -104.834581 -0.000000 -1.000000 -0.000000 165.706000 0.000000 0.000000 0.000000 1.000000 
-1.000000 -0.000000 -0.000000 10.932862 -0.000000 -0.997939 0.064169 102.831876 -0.000000 0.064169 0.997939 -6.497116 0.000000 0.000000 0.000000 1.000000 
-1.000000 -0.000000 -0.000000 10.932863 0.000000 -0.993456 -0.114218 60.167870 -0.000000 -0.114218 0.993456 4.264506 0.000000 0.000000 0.000000 1.000000 
-0.989851 -0.071058 0.123072 12.002570 0.141126 -0.593361 0.792468 7.616463 0.016715 0.801794 0.597367 -7.597290 0.000000 0.000000 0.000000 1.000000 
-0.991998 -0.000002 0.126251 11.991899 0.126251 -0.000478 0.991998 -13.945593 0.000059 1.000000 0.000474 -0.018419 0.000000 0.000000 0.000000 1.000000 
-0.991998 -0.000002 0.126251 11.991899 0.126251 -0.000478 0.991998 -22.795555 0.000059 1.000000 0.000474 -0.018419 0.000000 0.000000 0.000000 1.000000 
-1.000000 0.000000 -0.000000 -10.932808 -0.000000 -0.997939 0.064169 102.832019 -0.000000 0.064169 0.997939 -6.497095 0.000000 0.000000 0.000000 1.000000 
-1.000000 -0.000000 -0.000000 -10.932799 0.000000 -0.993456 -0.114218 60.167836 -0.000000 -0.114218 0.993456 4.264503 0.000000 0.000000 0.000000 1.000000 
-0.989850 0.071056 -0.123076 -12.002500 -0.141128 -0.593365 0.792465 7.616505 -0.016719 0.801791 0.597371 -7.597313 0.000000 0.000000 0.000000 1.000000 
-0.991998 -0.000002 -0.126255 -11.991831 -0.126255 -0.000478 0.991998 -13.945569 -0.000062 1.000000 0.000474 -0.018413 0.000000 0.000000 0.000000 1.000000 
-0.991998 -0.000002 -0.126255 -11.991831 -0.126255 -0.000478 0.991998 -22.795569 -0.000062 1.000000 0.000474 -0.018413 0.000000 0.000000 0.000000 1.000000 
